61
-3.000, -0.141, 1.000, 1.000, 0.000, 0.000
-2.900, -0.239, 1.000, 1.000, 0.000, 0.000
-2.800, -0.335, 1.000, 1.000, 0.000, 0.000
-2.700, -0.427, 1.000, 1.000, 0.000, 0.000
-2.600, -0.516, 1.000, 1.000, 0.000, 0.000
-2.500, -0.598, 1.000, 1.000, 0.000, 0.000
-2.400, -0.675, 1.000, 1.000, 0.000, 0.000
-2.300, -0.746, 1.000, 1.000, 0.000, 0.000
-2.200, -0.808, 1.000, 1.000, 0.000, 0.000
-2.100, -0.863, 1.000, 1.000, 0.000, 0.000
-2.000, -0.909, 1.000, 1.000, 0.000, 0.000
-1.900, -0.946, 1.000, 1.000, 0.000, 0.000
-1.800, -0.974, 1.000, 1.000, 0.000, 0.000
-1.700, -0.992, 1.000, 1.000, 0.000, 0.000
-1.600, -1.000, 1.000, 1.000, 0.000, 0.000
-1.500, -0.997, 1.000, 0.000, 1.000, 0.000
-1.400, -0.985, 1.000, 0.000, 1.000, 0.000
-1.300, -0.964, 1.000, 0.000, 1.000, 0.000
-1.200, -0.932, 1.000, 0.000, 1.000, 0.000
-1.100, -0.891, 1.000, 0.000, 1.000, 0.000
-1.000, -0.841, 1.000, 0.000, 1.000, 0.000
-0.900, -0.783, 1.000, 0.000, 1.000, 0.000
-0.800, -0.717, 1.000, 0.000, 1.000, 0.000
-0.700, -0.644, 1.000, 0.000, 1.000, 0.000
-0.600, -0.565, 1.000, 0.000, 1.000, 0.000
-0.500, -0.479, 1.000, 0.000, 1.000, 0.000
-0.400, -0.389, 1.000, 0.000, 1.000, 0.000
-0.300, -0.296, 1.000, 0.000, 1.000, 0.000
-0.200, -0.199, 1.000, 0.000, 1.000, 0.000
-0.100, -0.100, 1.000, 0.000, 1.000, 0.000
0.000, 0.000, 1.000, 0.000, 1.000, 0.000
0.100, 0.100, 1.000, 0.000, 1.000, 0.000
0.200, 0.199, 1.000, 0.000, 1.000, 0.000
0.300, 0.296, 1.000, 0.000, 1.000, 0.000
0.400, 0.389, 1.000, 0.000, 1.000, 0.000
0.500, 0.479, 1.000, 0.000, 1.000, 0.000
0.600, 0.565, 1.000, 0.000, 1.000, 0.000
0.700, 0.644, 1.000, 0.000, 1.000, 0.000
0.800, 0.717, 1.000, 0.000, 1.000, 0.000
0.900, 0.783, 1.000, 0.000, 1.000, 0.000
1.000, 0.841, 1.000, 0.000, 1.000, 0.000
1.100, 0.891, 1.000, 0.000, 1.000, 0.000
1.200, 0.932, 1.000, 0.000, 1.000, 0.000
1.300, 0.964, 1.000, 0.000, 1.000, 0.000
1.400, 0.985, 1.000, 0.000, 1.000, 0.000
1.500, 0.997, 1.000, 0.000, 1.000, 0.000
1.600, 1.000, 1.000, 0.000, 1.000, 0.000
1.700, 0.992, 1.000, 1.000, 0.000, 0.000
1.800, 0.974, 1.000, 1.000, 0.000, 0.000
1.900, 0.946, 1.000, 1.000, 0.000, 0.000
2.000, 0.909, 1.000, 1.000, 0.000, 0.000
2.100, 0.863, 1.000, 1.000, 0.000, 0.000
2.200, 0.808, 1.000, 1.000, 0.000, 0.000
2.300, 0.746, 1.000, 1.000, 0.000, 0.000
2.400, 0.675, 1.000, 1.000, 0.000, 0.000
2.500, 0.598, 1.000, 1.000, 0.000, 0.000
2.600, 0.516, 1.000, 1.000, 0.000, 0.000
2.700, 0.427, 1.000, 1.000, 0.000, 0.000
2.800, 0.335, 1.000, 1.000, 0.000, 0.000
2.900, 0.239, 1.000, 1.000, 0.000, 0.000
3.000, 0.141, 1.000, 1.000, 0.000, 0.000
