2002
0.000, 0.000, 0.000, 0.000, 0.500, 0.000
0.010, 0.017, 0.000, 0.000, 0.500, 0.000
0.020, 0.033, 0.002, 0.000, 0.500, 0.000
0.030, 0.050, 0.004, 0.000, 0.500, 0.000
0.039, 0.067, 0.008, 0.000, 0.500, 0.000
0.048, 0.083, 0.012, 0.000, 0.500, 0.000
0.057, 0.100, 0.018, 0.000, 0.500, 0.000
0.066, 0.117, 0.024, 0.000, 0.501, 0.000
0.074, 0.133, 0.031, 0.000, 0.501, 0.000
0.081, 0.150, 0.039, 0.000, 0.501, 0.000
0.088, 0.167, 0.048, 0.000, 0.501, 0.000
0.094, 0.183, 0.057, 0.000, 0.501, 0.000
0.099, 0.200, 0.068, 0.000, 0.502, 0.000
0.103, 0.217, 0.079, 0.000, 0.502, 0.000
0.107, 0.233, 0.090, 0.000, 0.502, 0.000
0.110, 0.250, 0.102, 0.000, 0.503, 0.000
0.111, 0.267, 0.115, 0.000, 0.503, 0.000
0.112, 0.283, 0.128, 0.000, 0.503, 0.000
0.112, 0.300, 0.141, 0.000, 0.504, 0.000
0.111, 0.317, 0.155, 0.000, 0.504, 0.000
0.108, 0.333, 0.168, 0.000, 0.504, 0.000
0.104, 0.350, 0.182, 0.000, 0.505, 0.000
0.100, 0.367, 0.196, 0.000, 0.505, 0.000
0.094, 0.383, 0.210, 0.000, 0.505, 0.000
0.087, 0.400, 0.224, 0.000, 0.506, 0.000
0.079, 0.417, 0.237, 0.000, 0.506, 0.000
0.070, 0.433, 0.251, 0.000, 0.506, 0.000
0.059, 0.450, 0.263, 0.000, 0.507, 0.000
0.048, 0.467, 0.276, 0.000, 0.507, 0.000
0.035, 0.483, 0.288, 0.000, 0.507, 0.000
0.021, 0.500, 0.299, 0.000, 0.507, 0.000
0.006, 0.517, 0.310, 0.000, 0.508, 0.000
-0.009, 0.533, 0.320, 0.000, 0.508, 0.000
-0.026, 0.550, 0.329, 0.000, 0.508, 0.000
-0.044, 0.567, 0.337, 0.000, 0.508, 0.000
-0.062, 0.583, 0.344, 0.000, 0.509, 0.000
-0.082, 0.600, 0.351, 0.000, 0.509, 0.000
-0.102, 0.617, 0.356, 0.000, 0.509, 0.000
-0.123, 0.633, 0.360, 0.000, 0.509, 0.000
-0.144, 0.650, 0.362, 0.000, 0.509, 0.000
-0.166, 0.667, 0.364, 0.000, 0.509, 0.000
-0.189, 0.683, 0.364, 0.000, 0.509, 0.000
-0.212, 0.700, 0.363, 0.000, 0.509, 0.000
-0.235, 0.717, 0.360, 0.000, 0.509, 0.000
-0.259, 0.733, 0.356, 0.000, 0.509, 0.000
-0.283, 0.750, 0.350, 0.000, 0.509, 0.000
-0.306, 0.767, 0.343, 0.000, 0.509, 0.000
-0.330, 0.783, 0.334, 0.000, 0.508, 0.000
-0.354, 0.800, 0.324, 0.000, 0.508, 0.000
-0.377, 0.817, 0.313, 0.000, 0.508, 0.000
-0.401, 0.833, 0.299, 0.000, 0.507, 0.000
-0.423, 0.850, 0.284, 0.000, 0.507, 0.000
-0.446, 0.867, 0.268, 0.000, 0.507, 0.000
-0.467, 0.883, 0.250, 0.000, 0.506, 0.000
-0.488, 0.900, 0.231, 0.000, 0.506, 0.000
-0.508, 0.917, 0.210, 0.000, 0.505, 0.000
-0.528, 0.933, 0.188, 0.000, 0.505, 0.000
-0.546, 0.950, 0.164, 0.000, 0.504, 0.000
-0.563, 0.967, 0.139, 0.000, 0.503, 0.000
-0.579, 0.983, 0.112, 0.000, 0.503, 0.000
-0.594, 1.000, 0.085, 0.000, 0.502, 0.000
-0.607, 1.017, 0.056, 0.000, 0.501, 0.000
-0.619, 1.033, 0.026, 0.000, 0.501, 0.000
-0.630, 1.050, -0.005, 0.000, 0.500, 0.000
-0.639, 1.067, -0.037, 0.000, 0.499, 0.000
-0.646, 1.083, -0.070, 0.000, 0.498, 0.000
-0.652, 1.100, -0.104, 0.000, 0.497, 0.000
-0.656, 1.117, -0.139, 0.000, 0.497, 0.000
-0.657, 1.133, -0.174, 0.000, 0.496, 0.000
-0.657, 1.150, -0.209, 0.000, 0.495, 0.000
-0.656, 1.167, -0.246, 0.000, 0.494, 0.000
-0.652, 1.183, -0.282, 0.000, 0.493, 0.000
-0.646, 1.200, -0.319, 0.000, 0.492, 0.000
-0.638, 1.217, -0.355, 0.000, 0.491, 0.000
-0.628, 1.233, -0.392, 0.000, 0.490, 0.000
-0.615, 1.250, -0.429, 0.000, 0.489, 0.000
-0.601, 1.267, -0.465, 0.000, 0.488, 0.000
-0.585, 1.283, -0.501, 0.000, 0.487, 0.000
-0.566, 1.300, -0.536, 0.000, 0.487, 0.000
-0.546, 1.317, -0.571, 0.000, 0.486, 0.000
-0.523, 1.333, -0.605, 0.000, 0.485, 0.000
-0.498, 1.350, -0.639, 0.000, 0.484, 0.000
-0.471, 1.367, -0.671, 0.000, 0.483, 0.000
-0.443, 1.383, -0.702, 0.000, 0.482, 0.000
-0.412, 1.400, -0.732, 0.000, 0.482, 0.000
-0.379, 1.417, -0.761, 0.000, 0.481, 0.000
-0.345, 1.433, -0.788, 0.000, 0.480, 0.000
-0.308, 1.450, -0.813, 0.000, 0.480, 0.000
-0.270, 1.467, -0.837, 0.000, 0.479, 0.000
-0.231, 1.483, -0.860, 0.000, 0.479, 0.000
-0.190, 1.500, -0.880, 0.000, 0.478, 0.000
-0.147, 1.517, -0.898, 0.000, 0.478, 0.000
-0.103, 1.533, -0.914, 0.000, 0.477, 0.000
-0.058, 1.550, -0.928, 0.000, 0.477, 0.000
-0.012, 1.567, -0.940, 0.000, 0.477, 0.000
0.036, 1.583, -0.949, 0.000, 0.476, 0.000
0.084, 1.600, -0.956, 0.000, 0.476, 0.000
0.133, 1.617, -0.961, 0.000, 0.476, 0.000
0.183, 1.633, -0.963, 0.000, 0.476, 0.000
0.233, 1.650, -0.962, 0.000, 0.476, 0.000
0.284, 1.667, -0.959, 0.000, 0.476, 0.000
0.335, 1.683, -0.953, 0.000, 0.476, 0.000
0.386, 1.700, -0.944, 0.000, 0.476, 0.000
0.436, 1.717, -0.933, 0.000, 0.477, 0.000
0.487, 1.733, -0.919, 0.000, 0.477, 0.000
0.538, 1.750, -0.902, 0.000, 0.477, 0.000
0.588, 1.767, -0.882, 0.000, 0.478, 0.000
0.637, 1.783, -0.860, 0.000, 0.479, 0.000
0.685, 1.800, -0.835, 0.000, 0.479, 0.000
0.733, 1.817, -0.807, 0.000, 0.480, 0.000
0.780, 1.833, -0.776, 0.000, 0.481, 0.000
0.825, 1.850, -0.743, 0.000, 0.481, 0.000
0.869, 1.867, -0.707, 0.000, 0.482, 0.000
0.911, 1.883, -0.669, 0.000, 0.483, 0.000
0.952, 1.900, -0.628, 0.000, 0.484, 0.000
0.990, 1.917, -0.585, 0.000, 0.485, 0.000
1.027, 1.933, -0.539, 0.000, 0.487, 0.000
1.062, 1.950, -0.491, 0.000, 0.488, 0.000
1.094, 1.967, -0.441, 0.000, 0.489, 0.000
1.125, 1.983, -0.389, 0.000, 0.490, 0.000
1.152, 2.000, -0.335, 0.000, 0.492, 0.000
1.177, 2.017, -0.280, 0.000, 0.493, 0.000
1.200, 2.033, -0.222, 0.000, 0.494, 0.000
1.219, 2.050, -0.163, 0.000, 0.496, 0.000
1.236, 2.067, -0.103, 0.000, 0.497, 0.000
1.249, 2.083, -0.041, 0.000, 0.499, 0.000
1.260, 2.100, 0.021, 0.000, 0.501, 0.000
1.267, 2.117, 0.085, 0.000, 0.502, 0.000
1.271, 2.133, 0.149, 0.000, 0.504, 0.000
1.272, 2.150, 0.214, 0.000, 0.505, 0.000
1.270, 2.167, 0.280, 0.000, 0.507, 0.000
1.264, 2.183, 0.345, 0.000, 0.509, 0.000
1.254, 2.200, 0.411, 0.000, 0.510, 0.000
1.242, 2.217, 0.477, 0.000, 0.512, 0.000
1.225, 2.233, 0.542, 0.000, 0.514, 0.000
1.206, 2.250, 0.608, 0.000, 0.515, 0.000
1.182, 2.267, 0.672, 0.000, 0.517, 0.000
1.156, 2.283, 0.736, 0.000, 0.518, 0.000
1.126, 2.300, 0.798, 0.000, 0.520, 0.000
1.092, 2.317, 0.860, 0.000, 0.521, 0.000
1.055, 2.333, 0.920, 0.000, 0.523, 0.000
1.015, 2.350, 0.978, 0.000, 0.524, 0.000
0.972, 2.367, 1.035, 0.000, 0.526, 0.000
0.926, 2.383, 1.090, 0.000, 0.527, 0.000
0.876, 2.400, 1.143, 0.000, 0.529, 0.000
0.823, 2.417, 1.193, 0.000, 0.530, 0.000
0.768, 2.433, 1.242, 0.000, 0.531, 0.000
0.710, 2.450, 1.287, 0.000, 0.532, 0.000
0.649, 2.467, 1.330, 0.000, 0.533, 0.000
0.586, 2.483, 1.370, 0.000, 0.534, 0.000
0.520, 2.500, 1.407, 0.000, 0.535, 0.000
0.452, 2.517, 1.441, 0.000, 0.536, 0.000
0.382, 2.533, 1.471, 0.000, 0.537, 0.000
0.310, 2.550, 1.498, 0.000, 0.537, 0.000
0.236, 2.567, 1.522, 0.000, 0.538, 0.000
0.161, 2.583, 1.542, 0.000, 0.539, 0.000
0.084, 2.600, 1.558, 0.000, 0.539, 0.000
0.006, 2.617, 1.570, 0.000, 0.539, 0.000
-0.073, 2.633, 1.578, 0.000, 0.539, 0.000
-0.152, 2.650, 1.583, 0.000, 0.540, 0.000
-0.233, 2.667, 1.583, 0.000, 0.540, 0.000
-0.314, 2.683, 1.579, 0.000, 0.539, 0.000
-0.395, 2.700, 1.571, 0.000, 0.539, 0.000
-0.475, 2.717, 1.559, 0.000, 0.539, 0.000
-0.556, 2.733, 1.543, 0.000, 0.539, 0.000
-0.636, 2.750, 1.522, 0.000, 0.538, 0.000
-0.716, 2.767, 1.498, 0.000, 0.537, 0.000
-0.795, 2.783, 1.469, 0.000, 0.537, 0.000
-0.872, 2.800, 1.436, 0.000, 0.536, 0.000
-0.949, 2.817, 1.399, 0.000, 0.535, 0.000
-1.023, 2.833, 1.357, 0.000, 0.534, 0.000
-1.096, 2.850, 1.312, 0.000, 0.533, 0.000
-1.167, 2.867, 1.263, 0.000, 0.532, 0.000
-1.236, 2.883, 1.210, 0.000, 0.530, 0.000
-1.303, 2.900, 1.154, 0.000, 0.529, 0.000
-1.366, 2.917, 1.093, 0.000, 0.527, 0.000
-1.428, 2.933, 1.029, 0.000, 0.526, 0.000
-1.486, 2.950, 0.962, 0.000, 0.524, 0.000
-1.540, 2.967, 0.892, 0.000, 0.522, 0.000
-1.592, 2.983, 0.818, 0.000, 0.520, 0.000
-1.640, 3.000, 0.742, 0.000, 0.519, 0.000
-1.684, 3.017, 0.663, 0.000, 0.517, 0.000
-1.725, 3.033, 0.581, 0.000, 0.515, 0.000
-1.761, 3.050, 0.497, 0.000, 0.512, 0.000
-1.794, 3.067, 0.410, 0.000, 0.510, 0.000
-1.822, 3.083, 0.322, 0.000, 0.508, 0.000
-1.846, 3.100, 0.231, 0.000, 0.506, 0.000
-1.865, 3.117, 0.140, 0.000, 0.503, 0.000
-1.879, 3.133, 0.047, 0.000, 0.501, 0.000
-1.889, 3.150, -0.048, 0.000, 0.499, 0.000
-1.895, 3.167, -0.143, 0.000, 0.496, 0.000
-1.895, 3.183, -0.239, 0.000, 0.494, 0.000
-1.891, 3.200, -0.335, 0.000, 0.492, 0.000
-1.881, 3.217, -0.431, 0.000, 0.489, 0.000
-1.867, 3.233, -0.527, 0.000, 0.487, 0.000
-1.848, 3.250, -0.623, 0.000, 0.484, 0.000
-1.824, 3.267, -0.718, 0.000, 0.482, 0.000
-1.795, 3.283, -0.813, 0.000, 0.480, 0.000
-1.761, 3.300, -0.906, 0.000, 0.477, 0.000
-1.722, 3.317, -0.998, 0.000, 0.475, 0.000
-1.678, 3.333, -1.088, 0.000, 0.473, 0.000
-1.630, 3.350, -1.176, 0.000, 0.471, 0.000
-1.577, 3.367, -1.263, 0.000, 0.468, 0.000
-1.519, 3.383, -1.347, 0.000, 0.466, 0.000
-1.457, 3.400, -1.428, 0.000, 0.464, 0.000
-1.391, 3.417, -1.506, 0.000, 0.462, 0.000
-1.320, 3.433, -1.581, 0.000, 0.460, 0.000
-1.245, 3.450, -1.653, 0.000, 0.459, 0.000
-1.167, 3.467, -1.722, 0.000, 0.457, 0.000
-1.085, 3.483, -1.787, 0.000, 0.455, 0.000
-0.999, 3.500, -1.847, 0.000, 0.454, 0.000
-0.909, 3.517, -1.904, 0.000, 0.452, 0.000
-0.817, 3.533, -1.956, 0.000, 0.451, 0.000
-0.722, 3.550, -2.004, 0.000, 0.450, 0.000
-0.623, 3.567, -2.047, 0.000, 0.449, 0.000
-0.523, 3.583, -2.085, 0.000, 0.448, 0.000
-0.420, 3.600, -2.119, 0.000, 0.447, 0.000
-0.315, 3.617, -2.147, 0.000, 0.446, 0.000
-0.208, 3.633, -2.170, 0.000, 0.446, 0.000
-0.100, 3.650, -2.188, 0.000, 0.445, 0.000
0.010, 3.667, -2.200, 0.000, 0.445, 0.000
0.120, 3.683, -2.207, 0.000, 0.445, 0.000
0.231, 3.700, -2.208, 0.000, 0.445, 0.000
0.343, 3.717, -2.203, 0.000, 0.445, 0.000
0.455, 3.733, -2.193, 0.000, 0.445, 0.000
0.566, 3.750, -2.178, 0.000, 0.446, 0.000
0.677, 3.767, -2.156, 0.000, 0.446, 0.000
0.788, 3.783, -2.129, 0.000, 0.447, 0.000
0.897, 3.800, -2.096, 0.000, 0.448, 0.000
1.005, 3.817, -2.058, 0.000, 0.449, 0.000
1.112, 3.833, -2.014, 0.000, 0.450, 0.000
1.216, 3.850, -1.964, 0.000, 0.451, 0.000
1.318, 3.867, -1.909, 0.000, 0.452, 0.000
1.418, 3.883, -1.849, 0.000, 0.454, 0.000
1.515, 3.900, -1.783, 0.000, 0.455, 0.000
1.609, 3.917, -1.712, 0.000, 0.457, 0.000
1.700, 3.933, -1.637, 0.000, 0.459, 0.000
1.787, 3.950, -1.556, 0.000, 0.461, 0.000
1.871, 3.967, -1.471, 0.000, 0.463, 0.000
1.950, 3.983, -1.382, 0.000, 0.465, 0.000
2.025, 4.000, -1.288, 0.000, 0.468, 0.000
2.096, 4.017, -1.190, 0.000, 0.470, 0.000
2.162, 4.033, -1.088, 0.000, 0.473, 0.000
2.222, 4.050, -0.983, 0.000, 0.475, 0.000
2.278, 4.067, -0.874, 0.000, 0.478, 0.000
2.328, 4.083, -0.762, 0.000, 0.481, 0.000
2.373, 4.100, -0.648, 0.000, 0.484, 0.000
2.412, 4.117, -0.530, 0.000, 0.487, 0.000
2.446, 4.133, -0.411, 0.000, 0.490, 0.000
2.473, 4.150, -0.289, 0.000, 0.493, 0.000
2.494, 4.167, -0.166, 0.000, 0.496, 0.000
2.510, 4.183, -0.041, 0.000, 0.499, 0.000
2.519, 4.200, 0.085, 0.000, 0.502, 0.000
2.521, 4.217, 0.211, 0.000, 0.505, 0.000
2.517, 4.233, 0.338, 0.000, 0.508, 0.000
2.507, 4.250, 0.466, 0.000, 0.512, 0.000
2.490, 4.267, 0.593, 0.000, 0.515, 0.000
2.467, 4.283, 0.719, 0.000, 0.518, 0.000
2.438, 4.300, 0.845, 0.000, 0.521, 0.000
2.402, 4.317, 0.969, 0.000, 0.524, 0.000
2.359, 4.333, 1.092, 0.000, 0.527, 0.000
2.311, 4.350, 1.214, 0.000, 0.530, 0.000
2.256, 4.367, 1.333, 0.000, 0.533, 0.000
2.195, 4.383, 1.449, 0.000, 0.536, 0.000
2.128, 4.400, 1.563, 0.000, 0.539, 0.000
2.055, 4.417, 1.674, 0.000, 0.542, 0.000
1.976, 4.433, 1.781, 0.000, 0.545, 0.000
1.891, 4.450, 1.885, 0.000, 0.547, 0.000
1.801, 4.467, 1.984, 0.000, 0.550, 0.000
1.706, 4.483, 2.079, 0.000, 0.552, 0.000
1.606, 4.500, 2.170, 0.000, 0.554, 0.000
1.501, 4.517, 2.256, 0.000, 0.556, 0.000
1.392, 4.533, 2.337, 0.000, 0.558, 0.000
1.278, 4.550, 2.412, 0.000, 0.560, 0.000
1.160, 4.567, 2.482, 0.000, 0.562, 0.000
1.038, 4.583, 2.546, 0.000, 0.564, 0.000
0.913, 4.600, 2.605, 0.000, 0.565, 0.000
0.785, 4.617, 2.657, 0.000, 0.566, 0.000
0.653, 4.633, 2.702, 0.000, 0.568, 0.000
0.519, 4.650, 2.741, 0.000, 0.569, 0.000
0.383, 4.667, 2.774, 0.000, 0.569, 0.000
0.245, 4.683, 2.799, 0.000, 0.570, 0.000
0.105, 4.700, 2.818, 0.000, 0.570, 0.000
-0.036, 4.717, 2.830, 0.000, 0.571, 0.000
-0.178, 4.733, 2.834, 0.000, 0.571, 0.000
-0.321, 4.750, 2.832, 0.000, 0.571, 0.000
-0.464, 4.767, 2.822, 0.000, 0.571, 0.000
-0.606, 4.783, 2.805, 0.000, 0.570, 0.000
-0.748, 4.800, 2.781, 0.000, 0.570, 0.000
-0.889, 4.817, 2.750, 0.000, 0.569, 0.000
-1.029, 4.833, 2.711, 0.000, 0.568, 0.000
-1.168, 4.850, 2.666, 0.000, 0.567, 0.000
-1.304, 4.867, 2.613, 0.000, 0.565, 0.000
-1.438, 4.883, 2.553, 0.000, 0.564, 0.000
-1.569, 4.900, 2.486, 0.000, 0.562, 0.000
-1.697, 4.917, 2.413, 0.000, 0.560, 0.000
-1.821, 4.933, 2.333, 0.000, 0.558, 0.000
-1.942, 4.950, 2.247, 0.000, 0.556, 0.000
-2.059, 4.967, 2.154, 0.000, 0.554, 0.000
-2.171, 4.983, 2.055, 0.000, 0.551, 0.000
-2.279, 5.000, 1.951, 0.000, 0.549, 0.000
-2.382, 5.017, 1.841, 0.000, 0.546, 0.000
-2.479, 5.033, 1.725, 0.000, 0.543, 0.000
-2.570, 5.050, 1.604, 0.000, 0.540, 0.000
-2.656, 5.067, 1.479, 0.000, 0.537, 0.000
-2.736, 5.083, 1.348, 0.000, 0.534, 0.000
-2.809, 5.100, 1.214, 0.000, 0.530, 0.000
-2.875, 5.117, 1.076, 0.000, 0.527, 0.000
-2.935, 5.133, 0.934, 0.000, 0.523, 0.000
-2.988, 5.150, 0.788, 0.000, 0.520, 0.000
-3.033, 5.167, 0.640, 0.000, 0.516, 0.000
-3.071, 5.183, 0.489, 0.000, 0.512, 0.000
-3.102, 5.200, 0.336, 0.000, 0.508, 0.000
-3.125, 5.217, 0.181, 0.000, 0.505, 0.000
-3.140, 5.233, 0.025, 0.000, 0.501, 0.000
-3.147, 5.250, -0.132, 0.000, 0.497, 0.000
-3.147, 5.267, -0.290, 0.000, 0.493, 0.000
-3.138, 5.283, -0.449, 0.000, 0.489, 0.000
-3.122, 5.300, -0.607, 0.000, 0.485, 0.000
-3.097, 5.317, -0.765, 0.000, 0.481, 0.000
-3.065, 5.333, -0.921, 0.000, 0.477, 0.000
-3.024, 5.350, -1.077, 0.000, 0.473, 0.000
-2.976, 5.367, -1.230, 0.000, 0.469, 0.000
-2.920, 5.383, -1.382, 0.000, 0.465, 0.000
-2.856, 5.400, -1.531, 0.000, 0.462, 0.000
-2.784, 5.417, -1.677, 0.000, 0.458, 0.000
-2.705, 5.433, -1.819, 0.000, 0.455, 0.000
-2.619, 5.450, -1.958, 0.000, 0.451, 0.000
-2.525, 5.467, -2.093, 0.000, 0.448, 0.000
-2.425, 5.483, -2.223, 0.000, 0.444, 0.000
-2.318, 5.500, -2.349, 0.000, 0.441, 0.000
-2.204, 5.517, -2.469, 0.000, 0.438, 0.000
-2.084, 5.533, -2.584, 0.000, 0.435, 0.000
-1.959, 5.550, -2.693, 0.000, 0.433, 0.000
-1.827, 5.567, -2.796, 0.000, 0.430, 0.000
-1.690, 5.583, -2.893, 0.000, 0.428, 0.000
-1.548, 5.600, -2.982, 0.000, 0.425, 0.000
-1.401, 5.617, -3.065, 0.000, 0.423, 0.000
-1.250, 5.633, -3.140, 0.000, 0.421, 0.000
-1.095, 5.650, -3.208, 0.000, 0.420, 0.000
-0.936, 5.667, -3.269, 0.000, 0.418, 0.000
-0.773, 5.683, -3.321, 0.000, 0.417, 0.000
-0.608, 5.700, -3.366, 0.000, 0.416, 0.000
-0.440, 5.717, -3.402, 0.000, 0.415, 0.000
-0.271, 5.733, -3.429, 0.000, 0.414, 0.000
-0.099, 5.750, -3.449, 0.000, 0.414, 0.000
0.073, 5.767, -3.459, 0.000, 0.414, 0.000
0.247, 5.783, -3.461, 0.000, 0.413, 0.000
0.421, 5.800, -3.454, 0.000, 0.414, 0.000
0.595, 5.817, -3.439, 0.000, 0.414, 0.000
0.768, 5.833, -3.415, 0.000, 0.415, 0.000
0.940, 5.850, -3.382, 0.000, 0.415, 0.000
1.111, 5.867, -3.340, 0.000, 0.417, 0.000
1.281, 5.883, -3.290, 0.000, 0.418, 0.000
1.447, 5.900, -3.231, 0.000, 0.419, 0.000
1.612, 5.917, -3.163, 0.000, 0.421, 0.000
1.773, 5.933, -3.087, 0.000, 0.423, 0.000
1.930, 5.950, -3.003, 0.000, 0.425, 0.000
2.084, 5.967, -2.911, 0.000, 0.427, 0.000
2.233, 5.983, -2.811, 0.000, 0.430, 0.000
2.377, 6.000, -2.704, 0.000, 0.432, 0.000
2.516, 6.017, -2.589, 0.000, 0.435, 0.000
2.650, 6.033, -2.466, 0.000, 0.438, 0.000
2.777, 6.050, -2.337, 0.000, 0.442, 0.000
2.899, 6.067, -2.202, 0.000, 0.445, 0.000
3.013, 6.083, -2.060, 0.000, 0.449, 0.000
3.121, 6.100, -1.912, 0.000, 0.452, 0.000
3.222, 6.117, -1.758, 0.000, 0.456, 0.000
3.314, 6.133, -1.599, 0.000, 0.460, 0.000
3.399, 6.150, -1.435, 0.000, 0.464, 0.000
3.476, 6.167, -1.267, 0.000, 0.468, 0.000
3.545, 6.183, -1.095, 0.000, 0.473, 0.000
3.605, 6.200, -0.919, 0.000, 0.477, 0.000
3.656, 6.217, -0.739, 0.000, 0.482, 0.000
3.698, 6.233, -0.557, 0.000, 0.486, 0.000
3.731, 6.250, -0.373, 0.000, 0.491, 0.000
3.755, 6.267, -0.186, 0.000, 0.495, 0.000
3.770, 6.283, 0.002, 0.000, 0.500, 0.000
3.775, 6.300, 0.191, 0.000, 0.505, 0.000
3.771, 6.317, 0.380, 0.000, 0.510, 0.000
3.757, 6.333, 0.570, 0.000, 0.514, 0.000
3.734, 6.350, 0.759, 0.000, 0.519, 0.000
3.701, 6.367, 0.947, 0.000, 0.524, 0.000
3.658, 6.383, 1.133, 0.000, 0.528, 0.000
3.607, 6.400, 1.318, 0.000, 0.533, 0.000
3.545, 6.417, 1.501, 0.000, 0.538, 0.000
3.475, 6.433, 1.681, 0.000, 0.542, 0.000
3.395, 6.450, 1.857, 0.000, 0.546, 0.000
3.307, 6.467, 2.029, 0.000, 0.551, 0.000
3.210, 6.483, 2.198, 0.000, 0.555, 0.000
3.104, 6.500, 2.362, 0.000, 0.559, 0.000
2.989, 6.517, 2.520, 0.000, 0.563, 0.000
2.867, 6.533, 2.673, 0.000, 0.567, 0.000
2.737, 6.550, 2.820, 0.000, 0.571, 0.000
2.599, 6.567, 2.961, 0.000, 0.574, 0.000
2.454, 6.583, 3.095, 0.000, 0.577, 0.000
2.302, 6.600, 3.222, 0.000, 0.581, 0.000
2.144, 6.617, 3.342, 0.000, 0.584, 0.000
1.979, 6.633, 3.453, 0.000, 0.586, 0.000
1.808, 6.650, 3.557, 0.000, 0.589, 0.000
1.632, 6.667, 3.652, 0.000, 0.591, 0.000
1.451, 6.683, 3.738, 0.000, 0.593, 0.000
1.266, 6.700, 3.815, 0.000, 0.595, 0.000
1.076, 6.717, 3.884, 0.000, 0.597, 0.000
0.883, 6.733, 3.942, 0.000, 0.599, 0.000
0.687, 6.750, 3.991, 0.000, 0.600, 0.000
0.487, 6.767, 4.031, 0.000, 0.601, 0.000
0.286, 6.783, 4.060, 0.000, 0.601, 0.000
0.083, 6.800, 4.079, 0.000, 0.602, 0.000
-0.121, 6.817, 4.088, 0.000, 0.602, 0.000
-0.326, 6.833, 4.087, 0.000, 0.602, 0.000
-0.531, 6.850, 4.076, 0.000, 0.602, 0.000
-0.736, 6.867, 4.054, 0.000, 0.601, 0.000
-0.940, 6.883, 4.022, 0.000, 0.601, 0.000
-1.143, 6.900, 3.979, 0.000, 0.599, 0.000
-1.343, 6.917, 3.927, 0.000, 0.598, 0.000
-1.542, 6.933, 3.864, 0.000, 0.597, 0.000
-1.737, 6.950, 3.791, 0.000, 0.595, 0.000
-1.929, 6.967, 3.708, 0.000, 0.593, 0.000
-2.117, 6.983, 3.616, 0.000, 0.590, 0.000
-2.300, 7.000, 3.514, 0.000, 0.588, 0.000
-2.479, 7.017, 3.403, 0.000, 0.585, 0.000
-2.652, 7.033, 3.282, 0.000, 0.582, 0.000
-2.820, 7.050, 3.153, 0.000, 0.579, 0.000
-2.981, 7.067, 3.015, 0.000, 0.575, 0.000
-3.135, 7.083, 2.869, 0.000, 0.572, 0.000
-3.282, 7.100, 2.715, 0.000, 0.568, 0.000
-3.422, 7.117, 2.554, 0.000, 0.564, 0.000
-3.554, 7.133, 2.385, 0.000, 0.560, 0.000
-3.677, 7.150, 2.210, 0.000, 0.555, 0.000
-3.792, 7.167, 2.028, 0.000, 0.551, 0.000
-3.897, 7.183, 1.840, 0.000, 0.546, 0.000
-3.994, 7.200, 1.647, 0.000, 0.541, 0.000
-4.080, 7.217, 1.449, 0.000, 0.536, 0.000
-4.157, 7.233, 1.246, 0.000, 0.531, 0.000
-4.224, 7.250, 1.039, 0.000, 0.526, 0.000
-4.281, 7.267, 0.828, 0.000, 0.521, 0.000
-4.327, 7.283, 0.615, 0.000, 0.515, 0.000
-4.362, 7.300, 0.399, 0.000, 0.510, 0.000
-4.386, 7.317, 0.181, 0.000, 0.505, 0.000
-4.400, 7.333, -0.039, 0.000, 0.499, 0.000
-4.402, 7.350, -0.259, 0.000, 0.494, 0.000
-4.394, 7.367, -0.480, 0.000, 0.488, 0.000
-4.374, 7.383, -0.701, 0.000, 0.482, 0.000
-4.344, 7.400, -0.921, 0.000, 0.477, 0.000
-4.302, 7.417, -1.139, 0.000, 0.472, 0.000
-4.249, 7.433, -1.356, 0.000, 0.466, 0.000
-4.185, 7.450, -1.570, 0.000, 0.461, 0.000
-4.111, 7.467, -1.781, 0.000, 0.455, 0.000
-4.026, 7.483, -1.989, 0.000, 0.450, 0.000
-3.930, 7.500, -2.192, 0.000, 0.445, 0.000
-3.824, 7.517, -2.391, 0.000, 0.440, 0.000
-3.708, 7.533, -2.585, 0.000, 0.435, 0.000
-3.582, 7.550, -2.773, 0.000, 0.431, 0.000
-3.446, 7.567, -2.955, 0.000, 0.426, 0.000
-3.302, 7.583, -3.131, 0.000, 0.422, 0.000
-3.148, 7.600, -3.299, 0.000, 0.418, 0.000
-2.986, 7.617, -3.460, 0.000, 0.414, 0.000
-2.815, 7.633, -3.613, 0.000, 0.410, 0.000
-2.637, 7.650, -3.757, 0.000, 0.406, 0.000
-2.451, 7.667, -3.893, 0.000, 0.403, 0.000
-2.258, 7.683, -4.019, 0.000, 0.400, 0.000
-2.059, 7.700, -4.136, 0.000, 0.397, 0.000
-1.854, 7.717, -4.243, 0.000, 0.394, 0.000
-1.643, 7.733, -4.339, 0.000, 0.392, 0.000
-1.427, 7.750, -4.426, 0.000, 0.389, 0.000
-1.207, 7.767, -4.501, 0.000, 0.387, 0.000
-0.982, 7.783, -4.566, 0.000, 0.386, 0.000
-0.755, 7.800, -4.619, 0.000, 0.385, 0.000
-0.524, 7.817, -4.661, 0.000, 0.383, 0.000
-0.291, 7.833, -4.691, 0.000, 0.383, 0.000
-0.056, 7.850, -4.710, 0.000, 0.382, 0.000
0.180, 7.867, -4.717, 0.000, 0.382, 0.000
0.416, 7.883, -4.712, 0.000, 0.382, 0.000
0.652, 7.900, -4.695, 0.000, 0.383, 0.000
0.888, 7.917, -4.666, 0.000, 0.383, 0.000
1.122, 7.933, -4.626, 0.000, 0.384, 0.000
1.355, 7.950, -4.573, 0.000, 0.386, 0.000
1.585, 7.967, -4.509, 0.000, 0.387, 0.000
1.812, 7.983, -4.434, 0.000, 0.389, 0.000
2.036, 8.000, -4.347, 0.000, 0.391, 0.000
2.255, 8.017, -4.248, 0.000, 0.394, 0.000
2.470, 8.033, -4.139, 0.000, 0.397, 0.000
2.679, 8.050, -4.019, 0.000, 0.400, 0.000
2.883, 8.067, -3.888, 0.000, 0.403, 0.000
3.080, 8.083, -3.747, 0.000, 0.406, 0.000
3.270, 8.100, -3.595, 0.000, 0.410, 0.000
3.453, 8.117, -3.434, 0.000, 0.414, 0.000
3.628, 8.133, -3.264, 0.000, 0.418, 0.000
3.794, 8.150, -3.085, 0.000, 0.423, 0.000
3.951, 8.167, -2.898, 0.000, 0.428, 0.000
4.100, 8.183, -2.702, 0.000, 0.432, 0.000
4.238, 8.200, -2.499, 0.000, 0.438, 0.000
4.367, 8.217, -2.289, 0.000, 0.443, 0.000
4.485, 8.233, -2.072, 0.000, 0.448, 0.000
4.592, 8.250, -1.849, 0.000, 0.454, 0.000
4.688, 8.267, -1.620, 0.000, 0.459, 0.000
4.773, 8.283, -1.387, 0.000, 0.465, 0.000
4.846, 8.300, -1.149, 0.000, 0.471, 0.000
4.907, 8.317, -0.907, 0.000, 0.477, 0.000
4.956, 8.333, -0.662, 0.000, 0.483, 0.000
4.993, 8.350, -0.414, 0.000, 0.490, 0.000
5.017, 8.367, -0.164, 0.000, 0.496, 0.000
5.029, 8.383, 0.087, 0.000, 0.502, 0.000
5.029, 8.400, 0.339, 0.000, 0.508, 0.000
5.015, 8.417, 0.591, 0.000, 0.515, 0.000
4.989, 8.433, 0.842, 0.000, 0.521, 0.000
4.951, 8.450, 1.093, 0.000, 0.527, 0.000
4.900, 8.467, 1.342, 0.000, 0.534, 0.000
4.836, 8.483, 1.588, 0.000, 0.540, 0.000
4.760, 8.500, 1.831, 0.000, 0.546, 0.000
4.672, 8.517, 2.071, 0.000, 0.552, 0.000
4.571, 8.533, 2.306, 0.000, 0.558, 0.000
4.459, 8.550, 2.537, 0.000, 0.563, 0.000
4.335, 8.567, 2.762, 0.000, 0.569, 0.000
4.200, 8.583, 2.981, 0.000, 0.575, 0.000
4.053, 8.600, 3.193, 0.000, 0.580, 0.000
3.896, 8.617, 3.398, 0.000, 0.585, 0.000
3.729, 8.633, 3.596, 0.000, 0.590, 0.000
3.551, 8.650, 3.785, 0.000, 0.595, 0.000
3.364, 8.667, 3.965, 0.000, 0.599, 0.000
3.168, 8.683, 4.136, 0.000, 0.603, 0.000
2.963, 8.700, 4.298, 0.000, 0.607, 0.000
2.749, 8.717, 4.449, 0.000, 0.611, 0.000
2.528, 8.733, 4.590, 0.000, 0.615, 0.000
2.300, 8.750, 4.719, 0.000, 0.618, 0.000
2.065, 8.767, 4.838, 0.000, 0.621, 0.000
1.825, 8.783, 4.944, 0.000, 0.624, 0.000
1.578, 8.800, 5.039, 0.000, 0.626, 0.000
1.327, 8.817, 5.121, 0.000, 0.628, 0.000
1.071, 8.833, 5.191, 0.000, 0.630, 0.000
0.812, 8.850, 5.248, 0.000, 0.631, 0.000
0.550, 8.867, 5.292, 0.000, 0.632, 0.000
0.285, 8.883, 5.322, 0.000, 0.633, 0.000
0.019, 8.900, 5.340, 0.000, 0.633, 0.000
-0.248, 8.917, 5.344, 0.000, 0.634, 0.000
-0.516, 8.933, 5.335, 0.000, 0.633, 0.000
-0.784, 8.950, 5.313, 0.000, 0.633, 0.000
-1.050, 8.967, 5.277, 0.000, 0.632, 0.000
-1.315, 8.983, 5.227, 0.000, 0.631, 0.000
-1.578, 9.000, 5.164, 0.000, 0.629, 0.000
-1.837, 9.017, 5.089, 0.000, 0.627, 0.000
-2.093, 9.033, 5.000, 0.000, 0.625, 0.000
-2.345, 9.050, 4.898, 0.000, 0.622, 0.000
-2.591, 9.067, 4.783, 0.000, 0.620, 0.000
-2.832, 9.083, 4.656, 0.000, 0.616, 0.000
-3.067, 9.100, 4.517, 0.000, 0.613, 0.000
-3.295, 9.117, 4.366, 0.000, 0.609, 0.000
-3.515, 9.133, 4.204, 0.000, 0.605, 0.000
-3.728, 9.150, 4.030, 0.000, 0.601, 0.000
-3.932, 9.167, 3.846, 0.000, 0.596, 0.000
-4.127, 9.183, 3.651, 0.000, 0.591, 0.000
-4.312, 9.200, 3.447, 0.000, 0.586, 0.000
-4.487, 9.217, 3.233, 0.000, 0.581, 0.000
-4.651, 9.233, 3.010, 0.000, 0.575, 0.000
-4.804, 9.250, 2.779, 0.000, 0.569, 0.000
-4.946, 9.267, 2.540, 0.000, 0.563, 0.000
-5.076, 9.283, 2.293, 0.000, 0.557, 0.000
-5.194, 9.300, 2.040, 0.000, 0.551, 0.000
-5.299, 9.317, 1.781, 0.000, 0.545, 0.000
-5.391, 9.333, 1.517, 0.000, 0.538, 0.000
-5.469, 9.350, 1.248, 0.000, 0.531, 0.000
-5.535, 9.367, 0.975, 0.000, 0.524, 0.000
-5.587, 9.383, 0.698, 0.000, 0.517, 0.000
-5.624, 9.400, 0.419, 0.000, 0.510, 0.000
-5.648, 9.417, 0.137, 0.000, 0.503, 0.000
-5.658, 9.433, -0.145, 0.000, 0.496, 0.000
-5.654, 9.450, -0.429, 0.000, 0.489, 0.000
-5.635, 9.467, -0.712, 0.000, 0.482, 0.000
-5.602, 9.483, -0.994, 0.000, 0.475, 0.000
-5.555, 9.500, -1.275, 0.000, 0.468, 0.000
-5.494, 9.517, -1.554, 0.000, 0.461, 0.000
-5.419, 9.533, -1.830, 0.000, 0.454, 0.000
-5.330, 9.550, -2.102, 0.000, 0.447, 0.000
-5.228, 9.567, -2.370, 0.000, 0.441, 0.000
-5.112, 9.583, -2.633, 0.000, 0.434, 0.000
-4.982, 9.600, -2.890, 0.000, 0.428, 0.000
-4.840, 9.617, -3.141, 0.000, 0.421, 0.000
-4.685, 9.633, -3.385, 0.000, 0.415, 0.000
-4.518, 9.650, -3.621, 0.000, 0.409, 0.000
-4.339, 9.667, -3.849, 0.000, 0.404, 0.000
-4.148, 9.683, -4.068, 0.000, 0.398, 0.000
-3.946, 9.700, -4.278, 0.000, 0.393, 0.000
-3.734, 9.717, -4.477, 0.000, 0.388, 0.000
-3.512, 9.733, -4.666, 0.000, 0.383, 0.000
-3.280, 9.750, -4.844, 0.000, 0.379, 0.000
-3.039, 9.767, -5.011, 0.000, 0.375, 0.000
-2.789, 9.783, -5.165, 0.000, 0.371, 0.000
-2.532, 9.800, -5.307, 0.000, 0.367, 0.000
-2.267, 9.817, -5.436, 0.000, 0.364, 0.000
-1.996, 9.833, -5.552, 0.000, 0.361, 0.000
-1.719, 9.850, -5.654, 0.000, 0.359, 0.000
-1.437, 9.867, -5.743, 0.000, 0.356, 0.000
-1.150, 9.883, -5.817, 0.000, 0.355, 0.000
-0.859, 9.900, -5.878, 0.000, 0.353, 0.000
-0.565, 9.917, -5.923, 0.000, 0.352, 0.000
-0.269, 9.933, -5.954, 0.000, 0.351, 0.000
0.029, 9.950, -5.970, 0.000, 0.351, 0.000
0.328, 9.967, -5.971, 0.000, 0.351, 0.000
0.627, 9.983, -5.957, 0.000, 0.351, 0.000
0.926, 10.000, -5.928, 0.000, 0.352, 0.000
1.223, 10.017, -5.884, 0.000, 0.353, 0.000
1.518, 10.033, -5.826, 0.000, 0.354, 0.000
1.810, 10.050, -5.752, 0.000, 0.356, 0.000
2.099, 10.067, -5.664, 0.000, 0.358, 0.000
2.383, 10.083, -5.561, 0.000, 0.361, 0.000
2.662, 10.100, -5.444, 0.000, 0.364, 0.000
2.936, 10.117, -5.313, 0.000, 0.367, 0.000
3.203, 10.133, -5.168, 0.000, 0.371, 0.000
3.463, 10.150, -5.009, 0.000, 0.375, 0.000
3.715, 10.167, -4.838, 0.000, 0.379, 0.000
3.959, 10.183, -4.654, 0.000, 0.384, 0.000
4.193, 10.200, -4.458, 0.000, 0.389, 0.000
4.418, 10.217, -4.249, 0.000, 0.394, 0.000
4.633, 10.233, -4.030, 0.000, 0.399, 0.000
4.836, 10.250, -3.799, 0.000, 0.405, 0.000
5.028, 10.267, -3.559, 0.000, 0.411, 0.000
5.208, 10.283, -3.308, 0.000, 0.417, 0.000
5.376, 10.300, -3.049, 0.000, 0.424, 0.000
5.530, 10.317, -2.781, 0.000, 0.430, 0.000
5.671, 10.333, -2.505, 0.000, 0.437, 0.000
5.799, 10.350, -2.222, 0.000, 0.444, 0.000
5.912, 10.367, -1.933, 0.000, 0.452, 0.000
6.011, 10.383, -1.637, 0.000, 0.459, 0.000
6.095, 10.400, -1.337, 0.000, 0.467, 0.000
6.164, 10.417, -1.032, 0.000, 0.474, 0.000
6.218, 10.433, -0.724, 0.000, 0.482, 0.000
6.256, 10.450, -0.413, 0.000, 0.490, 0.000
6.279, 10.467, -0.100, 0.000, 0.497, 0.000
6.286, 10.483, 0.214, 0.000, 0.505, 0.000
6.278, 10.500, 0.529, 0.000, 0.513, 0.000
6.253, 10.517, 0.843, 0.000, 0.521, 0.000
6.213, 10.533, 1.157, 0.000, 0.529, 0.000
6.157, 10.550, 1.468, 0.000, 0.537, 0.000
6.086, 10.567, 1.777, 0.000, 0.544, 0.000
5.999, 10.583, 2.082, 0.000, 0.552, 0.000
5.897, 10.600, 2.383, 0.000, 0.560, 0.000
5.779, 10.617, 2.679, 0.000, 0.567, 0.000
5.647, 10.633, 2.969, 0.000, 0.574, 0.000
5.500, 10.650, 3.253, 0.000, 0.581, 0.000
5.339, 10.667, 3.529, 0.000, 0.588, 0.000
5.164, 10.683, 3.797, 0.000, 0.595, 0.000
4.976, 10.700, 4.057, 0.000, 0.601, 0.000
4.774, 10.717, 4.307, 0.000, 0.608, 0.000
4.560, 10.733, 4.548, 0.000, 0.614, 0.000
4.334, 10.750, 4.777, 0.000, 0.619, 0.000
4.096, 10.767, 4.996, 0.000, 0.625, 0.000
3.847, 10.783, 5.202, 0.000, 0.630, 0.000
3.588, 10.800, 5.396, 0.000, 0.635, 0.000
3.318, 10.817, 5.577, 0.000, 0.639, 0.000
3.040, 10.833, 5.745, 0.000, 0.644, 0.000
2.754, 10.850, 5.899, 0.000, 0.647, 0.000
2.459, 10.867, 6.038, 0.000, 0.651, 0.000
2.157, 10.883, 6.163, 0.000, 0.654, 0.000
1.850, 10.900, 6.273, 0.000, 0.657, 0.000
1.536, 10.917, 6.367, 0.000, 0.659, 0.000
1.218, 10.933, 6.446, 0.000, 0.661, 0.000
0.895, 10.950, 6.509, 0.000, 0.663, 0.000
0.570, 10.967, 6.555, 0.000, 0.664, 0.000
0.242, 10.983, 6.586, 0.000, 0.665, 0.000
-0.088, 11.000, 6.599, 0.000, 0.665, 0.000
-0.418, 11.017, 6.597, 0.000, 0.665, 0.000
-0.748, 11.033, 6.578, 0.000, 0.664, 0.000
-1.078, 11.050, 6.542, 0.000, 0.664, 0.000
-1.405, 11.067, 6.490, 0.000, 0.662, 0.000
-1.731, 11.083, 6.421, 0.000, 0.661, 0.000
-2.052, 11.100, 6.336, 0.000, 0.658, 0.000
-2.370, 11.117, 6.235, 0.000, 0.656, 0.000
-2.683, 11.133, 6.118, 0.000, 0.653, 0.000
-2.990, 11.150, 5.985, 0.000, 0.650, 0.000
-3.290, 11.167, 5.837, 0.000, 0.646, 0.000
-3.583, 11.183, 5.673, 0.000, 0.642, 0.000
-3.868, 11.200, 5.495, 0.000, 0.637, 0.000
-4.144, 11.217, 5.303, 0.000, 0.633, 0.000
-4.410, 11.233, 5.097, 0.000, 0.627, 0.000
-4.666, 11.250, 4.877, 0.000, 0.622, 0.000
-4.911, 11.267, 4.645, 0.000, 0.616, 0.000
-5.145, 11.283, 4.400, 0.000, 0.610, 0.000
-5.366, 11.300, 4.144, 0.000, 0.604, 0.000
-5.575, 11.317, 3.876, 0.000, 0.597, 0.000
-5.770, 11.333, 3.598, 0.000, 0.590, 0.000
-5.952, 11.350, 3.310, 0.000, 0.583, 0.000
-6.119, 11.367, 3.013, 0.000, 0.575, 0.000
-6.271, 11.383, 2.707, 0.000, 0.568, 0.000
-6.407, 11.400, 2.394, 0.000, 0.560, 0.000
-6.529, 11.417, 2.073, 0.000, 0.552, 0.000
-6.634, 11.433, 1.747, 0.000, 0.544, 0.000
-6.723, 11.450, 1.415, 0.000, 0.535, 0.000
-6.795, 11.467, 1.079, 0.000, 0.527, 0.000
-6.850, 11.483, 0.739, 0.000, 0.518, 0.000
-6.889, 11.500, 0.397, 0.000, 0.510, 0.000
-6.910, 11.517, 0.052, 0.000, 0.501, 0.000
-6.914, 11.533, -0.294, 0.000, 0.493, 0.000
-6.900, 11.550, -0.640, 0.000, 0.484, 0.000
-6.870, 11.567, -0.985, 0.000, 0.475, 0.000
-6.822, 11.583, -1.330, 0.000, 0.467, 0.000
-6.756, 11.600, -1.671, 0.000, 0.458, 0.000
-6.674, 11.617, -2.010, 0.000, 0.450, 0.000
-6.575, 11.633, -2.344, 0.000, 0.441, 0.000
-6.459, 11.650, -2.674, 0.000, 0.433, 0.000
-6.326, 11.667, -2.997, 0.000, 0.425, 0.000
-6.177, 11.683, -3.314, 0.000, 0.417, 0.000
-6.012, 11.700, -3.624, 0.000, 0.409, 0.000
-5.832, 11.717, -3.926, 0.000, 0.402, 0.000
-5.636, 11.733, -4.218, 0.000, 0.395, 0.000
-5.426, 11.750, -4.501, 0.000, 0.387, 0.000
-5.202, 11.767, -4.773, 0.000, 0.381, 0.000
-4.964, 11.783, -5.035, 0.000, 0.374, 0.000
-4.713, 11.800, -5.284, 0.000, 0.368, 0.000
-4.449, 11.817, -5.520, 0.000, 0.362, 0.000
-4.173, 11.833, -5.744, 0.000, 0.356, 0.000
-3.886, 11.850, -5.954, 0.000, 0.351, 0.000
-3.589, 11.867, -6.149, 0.000, 0.346, 0.000
-3.282, 11.883, -6.330, 0.000, 0.342, 0.000
-2.966, 11.900, -6.495, 0.000, 0.338, 0.000
-2.641, 11.917, -6.644, 0.000, 0.334, 0.000
-2.309, 11.933, -6.778, 0.000, 0.331, 0.000
-1.970, 11.950, -6.894, 0.000, 0.328, 0.000
-1.625, 11.967, -6.994, 0.000, 0.325, 0.000
-1.275, 11.983, -7.076, 0.000, 0.323, 0.000
-0.921, 12.000, -7.141, 0.000, 0.321, 0.000
-0.564, 12.017, -7.188, 0.000, 0.320, 0.000
-0.204, 12.033, -7.217, 0.000, 0.320, 0.000
0.157, 12.050, -7.228, 0.000, 0.319, 0.000
0.519, 12.067, -7.221, 0.000, 0.319, 0.000
0.880, 12.083, -7.196, 0.000, 0.320, 0.000
1.240, 12.100, -7.153, 0.000, 0.321, 0.000
1.598, 12.117, -7.092, 0.000, 0.323, 0.000
1.954, 12.133, -7.013, 0.000, 0.325, 0.000
2.305, 12.150, -6.916, 0.000, 0.327, 0.000
2.651, 12.167, -6.802, 0.000, 0.330, 0.000
2.992, 12.183, -6.670, 0.000, 0.333, 0.000
3.326, 12.200, -6.521, 0.000, 0.337, 0.000
3.653, 12.217, -6.355, 0.000, 0.341, 0.000
3.971, 12.233, -6.173, 0.000, 0.346, 0.000
4.281, 12.250, -5.975, 0.000, 0.351, 0.000
4.580, 12.267, -5.761, 0.000, 0.356, 0.000
4.869, 12.283, -5.533, 0.000, 0.362, 0.000
5.146, 12.300, -5.290, 0.000, 0.368, 0.000
5.412, 12.317, -5.033, 0.000, 0.374, 0.000
5.664, 12.333, -4.762, 0.000, 0.381, 0.000
5.903, 12.350, -4.479, 0.000, 0.388, 0.000
6.128, 12.367, -4.184, 0.000, 0.395, 0.000
6.338, 12.383, -3.878, 0.000, 0.403, 0.000
6.532, 12.400, -3.561, 0.000, 0.411, 0.000
6.711, 12.417, -3.235, 0.000, 0.419, 0.000
6.874, 12.433, -2.899, 0.000, 0.428, 0.000
7.019, 12.450, -2.555, 0.000, 0.436, 0.000
7.148, 12.467, -2.204, 0.000, 0.445, 0.000
7.259, 12.483, -1.847, 0.000, 0.454, 0.000
7.352, 12.500, -1.483, 0.000, 0.463, 0.000
7.427, 12.517, -1.116, 0.000, 0.472, 0.000
7.483, 12.533, -0.744, 0.000, 0.481, 0.000
7.521, 12.550, -0.370, 0.000, 0.491, 0.000
7.540, 12.567, 0.007, 0.000, 0.500, 0.000
7.540, 12.583, 0.384, 0.000, 0.510, 0.000
7.522, 12.600, 0.761, 0.000, 0.519, 0.000
7.484, 12.617, 1.138, 0.000, 0.528, 0.000
7.428, 12.633, 1.513, 0.000, 0.538, 0.000
7.352, 12.650, 1.884, 0.000, 0.547, 0.000
7.259, 12.667, 2.252, 0.000, 0.556, 0.000
7.146, 12.683, 2.616, 0.000, 0.565, 0.000
7.016, 12.700, 2.974, 0.000, 0.574, 0.000
6.867, 12.717, 3.325, 0.000, 0.583, 0.000
6.701, 12.733, 3.669, 0.000, 0.592, 0.000
6.518, 12.750, 4.004, 0.000, 0.600, 0.000
6.318, 12.767, 4.331, 0.000, 0.608, 0.000
6.102, 12.783, 4.647, 0.000, 0.616, 0.000
5.870, 12.800, 4.953, 0.000, 0.624, 0.000
5.622, 12.817, 5.247, 0.000, 0.631, 0.000
5.360, 12.833, 5.528, 0.000, 0.638, 0.000
5.083, 12.850, 5.797, 0.000, 0.645, 0.000
4.793, 12.867, 6.052, 0.000, 0.651, 0.000
4.491, 12.883, 6.292, 0.000, 0.657, 0.000
4.176, 12.900, 6.517, 0.000, 0.663, 0.000
3.850, 12.917, 6.726, 0.000, 0.668, 0.000
3.514, 12.933, 6.919, 0.000, 0.673, 0.000
3.168, 12.950, 7.095, 0.000, 0.677, 0.000
2.813, 12.967, 7.254, 0.000, 0.681, 0.000
2.450, 12.983, 7.395, 0.000, 0.685, 0.000
2.080, 13.000, 7.518, 0.000, 0.688, 0.000
1.704, 13.017, 7.622, 0.000, 0.691, 0.000
1.322, 13.033, 7.707, 0.000, 0.693, 0.000
0.937, 13.050, 7.774, 0.000, 0.694, 0.000
0.548, 13.067, 7.821, 0.000, 0.696, 0.000
0.156, 13.083, 7.848, 0.000, 0.696, 0.000
-0.236, 13.100, 7.856, 0.000, 0.696, 0.000
-0.630, 13.117, 7.845, 0.000, 0.696, 0.000
-1.022, 13.133, 7.813, 0.000, 0.695, 0.000
-1.413, 13.150, 7.762, 0.000, 0.694, 0.000
-1.802, 13.167, 7.692, 0.000, 0.692, 0.000
-2.187, 13.183, 7.602, 0.000, 0.690, 0.000
-2.567, 13.200, 7.492, 0.000, 0.687, 0.000
-2.942, 13.217, 7.364, 0.000, 0.684, 0.000
-3.311, 13.233, 7.217, 0.000, 0.680, 0.000
-3.672, 13.250, 7.051, 0.000, 0.676, 0.000
-4.025, 13.267, 6.868, 0.000, 0.672, 0.000
-4.368, 13.283, 6.666, 0.000, 0.667, 0.000
-4.702, 13.300, 6.448, 0.000, 0.661, 0.000
-5.025, 13.317, 6.212, 0.000, 0.655, 0.000
-5.336, 13.333, 5.961, 0.000, 0.649, 0.000
-5.634, 13.350, 5.694, 0.000, 0.642, 0.000
-5.919, 13.367, 5.412, 0.000, 0.635, 0.000
-6.190, 13.383, 5.116, 0.000, 0.628, 0.000
-6.445, 13.400, 4.806, 0.000, 0.620, 0.000
-6.686, 13.417, 4.483, 0.000, 0.612, 0.000
-6.910, 13.433, 4.149, 0.000, 0.604, 0.000
-7.118, 13.450, 3.803, 0.000, 0.595, 0.000
-7.308, 13.467, 3.447, 0.000, 0.586, 0.000
-7.480, 13.483, 3.081, 0.000, 0.577, 0.000
-7.634, 13.500, 2.707, 0.000, 0.568, 0.000
-7.770, 13.517, 2.325, 0.000, 0.558, 0.000
-7.886, 13.533, 1.936, 0.000, 0.548, 0.000
-7.983, 13.550, 1.541, 0.000, 0.539, 0.000
-8.060, 13.567, 1.142, 0.000, 0.529, 0.000
-8.116, 13.583, 0.738, 0.000, 0.518, 0.000
-8.153, 13.600, 0.332, 0.000, 0.508, 0.000
-8.170, 13.617, -0.076, 0.000, 0.498, 0.000
-8.166, 13.633, -0.485, 0.000, 0.488, 0.000
-8.141, 13.650, -0.893, 0.000, 0.478, 0.000
-8.096, 13.667, -1.301, 0.000, 0.467, 0.000
-8.031, 13.683, -1.706, 0.000, 0.457, 0.000
-7.945, 13.700, -2.108, 0.000, 0.447, 0.000
-7.839, 13.717, -2.505, 0.000, 0.437, 0.000
-7.714, 13.733, -2.897, 0.000, 0.428, 0.000
-7.569, 13.750, -3.283, 0.000, 0.418, 0.000
-7.404, 13.767, -3.662, 0.000, 0.408, 0.000
-7.220, 13.783, -4.032, 0.000, 0.399, 0.000
-7.018, 13.800, -4.393, 0.000, 0.390, 0.000
-6.798, 13.817, -4.744, 0.000, 0.381, 0.000
-6.561, 13.833, -5.084, 0.000, 0.373, 0.000
-6.306, 13.850, -5.412, 0.000, 0.365, 0.000
-6.035, 13.867, -5.728, 0.000, 0.357, 0.000
-5.748, 13.883, -6.029, 0.000, 0.349, 0.000
-5.446, 13.900, -6.317, 0.000, 0.342, 0.000
-5.129, 13.917, -6.589, 0.000, 0.335, 0.000
-4.799, 13.933, -6.845, 0.000, 0.329, 0.000
-4.457, 13.950, -7.085, 0.000, 0.323, 0.000
-4.102, 13.967, -7.307, 0.000, 0.317, 0.000
-3.736, 13.983, -7.512, 0.000, 0.312, 0.000
-3.360, 14.000, -7.699, 0.000, 0.308, 0.000
-2.974, 14.017, -7.866, 0.000, 0.303, 0.000
-2.581, 14.033, -8.015, 0.000, 0.300, 0.000
-2.179, 14.050, -8.143, 0.000, 0.296, 0.000
-1.772, 14.067, -8.252, 0.000, 0.294, 0.000
-1.359, 14.083, -8.340, 0.000, 0.291, 0.000
-0.941, 14.100, -8.407, 0.000, 0.290, 0.000
-0.521, 14.117, -8.454, 0.000, 0.289, 0.000
-0.098, 14.133, -8.479, 0.000, 0.288, 0.000
0.327, 14.150, -8.484, 0.000, 0.288, 0.000
0.751, 14.167, -8.467, 0.000, 0.288, 0.000
1.175, 14.183, -8.429, 0.000, 0.289, 0.000
1.597, 14.200, -8.369, 0.000, 0.291, 0.000
2.015, 14.217, -8.289, 0.000, 0.293, 0.000
2.430, 14.233, -8.187, 0.000, 0.295, 0.000
2.839, 14.250, -8.065, 0.000, 0.298, 0.000
3.243, 14.267, -7.922, 0.000, 0.302, 0.000
3.639, 14.283, -7.759, 0.000, 0.306, 0.000
4.027, 14.300, -7.576, 0.000, 0.311, 0.000
4.405, 14.317, -7.374, 0.000, 0.316, 0.000
4.774, 14.333, -7.153, 0.000, 0.321, 0.000
5.131, 14.350, -6.914, 0.000, 0.327, 0.000
5.477, 14.367, -6.656, 0.000, 0.334, 0.000
5.810, 14.383, -6.382, 0.000, 0.340, 0.000
6.128, 14.400, -6.090, 0.000, 0.348, 0.000
6.432, 14.417, -5.783, 0.000, 0.355, 0.000
6.721, 14.433, -5.461, 0.000, 0.363, 0.000
6.994, 14.450, -5.124, 0.000, 0.372, 0.000
7.250, 14.467, -4.774, 0.000, 0.381, 0.000
7.488, 14.483, -4.410, 0.000, 0.390, 0.000
7.708, 14.500, -4.035, 0.000, 0.399, 0.000
7.909, 14.517, -3.649, 0.000, 0.409, 0.000
8.091, 14.533, -3.253, 0.000, 0.419, 0.000
8.252, 14.550, -2.848, 0.000, 0.429, 0.000
8.394, 14.567, -2.435, 0.000, 0.439, 0.000
8.515, 14.583, -2.014, 0.000, 0.450, 0.000
8.615, 14.600, -1.588, 0.000, 0.460, 0.000
8.693, 14.617, -1.157, 0.000, 0.471, 0.000
8.750, 14.633, -0.722, 0.000, 0.482, 0.000
8.785, 14.650, -0.284, 0.000, 0.493, 0.000
8.799, 14.667, 0.156, 0.000, 0.504, 0.000
8.790, 14.683, 0.596, 0.000, 0.515, 0.000
8.759, 14.700, 1.036, 0.000, 0.526, 0.000
8.706, 14.717, 1.474, 0.000, 0.537, 0.000
8.631, 14.733, 1.909, 0.000, 0.548, 0.000
8.535, 14.750, 2.341, 0.000, 0.559, 0.000
8.417, 14.767, 2.768, 0.000, 0.569, 0.000
8.277, 14.783, 3.189, 0.000, 0.580, 0.000
8.117, 14.800, 3.602, 0.000, 0.590, 0.000
7.935, 14.817, 4.008, 0.000, 0.600, 0.000
7.734, 14.833, 4.404, 0.000, 0.610, 0.000
7.512, 14.850, 4.791, 0.000, 0.620, 0.000
7.272, 14.867, 5.166, 0.000, 0.629, 0.000
7.012, 14.883, 5.529, 0.000, 0.638, 0.000
6.735, 14.900, 5.879, 0.000, 0.647, 0.000
6.440, 14.917, 6.216, 0.000, 0.655, 0.000
6.128, 14.933, 6.537, 0.000, 0.663, 0.000
5.800, 14.950, 6.843, 0.000, 0.671, 0.000
5.457, 14.967, 7.132, 0.000, 0.678, 0.000
5.099, 14.983, 7.404, 0.000, 0.685, 0.000
4.728, 15.000, 7.658, 0.000, 0.691, 0.000
4.344, 15.017, 7.894, 0.000, 0.697, 0.000
3.948, 15.033, 8.110, 0.000, 0.703, 0.000
3.542, 15.050, 8.306, 0.000, 0.708, 0.000
3.126, 15.067, 8.482, 0.000, 0.712, 0.000
2.701, 15.083, 8.637, 0.000, 0.716, 0.000
2.269, 15.100, 8.771, 0.000, 0.719, 0.000
1.829, 15.117, 8.884, 0.000, 0.722, 0.000
1.385, 15.133, 8.974, 0.000, 0.724, 0.000
0.935, 15.150, 9.042, 0.000, 0.726, 0.000
0.483, 15.167, 9.087, 0.000, 0.727, 0.000
0.028, 15.183, 9.110, 0.000, 0.728, 0.000
-0.428, 15.200, 9.110, 0.000, 0.728, 0.000
-0.883, 15.217, 9.087, 0.000, 0.727, 0.000
-1.338, 15.233, 9.042, 0.000, 0.726, 0.000
-1.790, 15.250, 8.973, 0.000, 0.724, 0.000
-2.239, 15.267, 8.882, 0.000, 0.722, 0.000
-2.683, 15.283, 8.769, 0.000, 0.719, 0.000
-3.121, 15.300, 8.633, 0.000, 0.716, 0.000
-3.553, 15.317, 8.476, 0.000, 0.712, 0.000
-3.976, 15.333, 8.296, 0.000, 0.707, 0.000
-4.390, 15.350, 8.096, 0.000, 0.702, 0.000
-4.795, 15.367, 7.875, 0.000, 0.697, 0.000
-5.188, 15.383, 7.634, 0.000, 0.691, 0.000
-5.569, 15.400, 7.373, 0.000, 0.684, 0.000
-5.937, 15.417, 7.093, 0.000, 0.677, 0.000
-6.291, 15.433, 6.795, 0.000, 0.670, 0.000
-6.630, 15.450, 6.479, 0.000, 0.662, 0.000
-6.953, 15.467, 6.146, 0.000, 0.654, 0.000
-7.259, 15.483, 5.797, 0.000, 0.645, 0.000
-7.548, 15.500, 5.433, 0.000, 0.636, 0.000
-7.819, 15.517, 5.054, 0.000, 0.626, 0.000
-8.070, 15.533, 4.662, 0.000, 0.617, 0.000
-8.302, 15.550, 4.258, 0.000, 0.606, 0.000
-8.513, 15.567, 3.842, 0.000, 0.596, 0.000
-8.704, 15.583, 3.415, 0.000, 0.585, 0.000
-8.873, 15.600, 2.979, 0.000, 0.574, 0.000
-9.021, 15.617, 2.534, 0.000, 0.563, 0.000
-9.146, 15.633, 2.083, 0.000, 0.552, 0.000
-9.248, 15.650, 1.625, 0.000, 0.541, 0.000
-9.328, 15.667, 1.162, 0.000, 0.529, 0.000
-9.384, 15.683, 0.695, 0.000, 0.517, 0.000
-9.417, 15.700, 0.225, 0.000, 0.506, 0.000
-9.427, 15.717, -0.246, 0.000, 0.494, 0.000
-9.413, 15.733, -0.718, 0.000, 0.482, 0.000
-9.375, 15.750, -1.189, 0.000, 0.470, 0.000
-9.314, 15.767, -1.657, 0.000, 0.459, 0.000
-9.229, 15.783, -2.123, 0.000, 0.447, 0.000
-9.121, 15.800, -2.584, 0.000, 0.435, 0.000
-8.990, 15.817, -3.040, 0.000, 0.424, 0.000
-8.836, 15.833, -3.489, 0.000, 0.413, 0.000
-8.660, 15.850, -3.931, 0.000, 0.402, 0.000
-8.461, 15.867, -4.363, 0.000, 0.391, 0.000
-8.241, 15.883, -4.786, 0.000, 0.380, 0.000
-8.000, 15.900, -5.197, 0.000, 0.370, 0.000
-7.738, 15.917, -5.596, 0.000, 0.360, 0.000
-7.457, 15.933, -5.982, 0.000, 0.350, 0.000
-7.156, 15.950, -6.354, 0.000, 0.341, 0.000
-6.837, 15.967, -6.711, 0.000, 0.332, 0.000
-6.500, 15.983, -7.052, 0.000, 0.324, 0.000
-6.145, 16.000, -7.375, 0.000, 0.316, 0.000
-5.775, 16.017, -7.681, 0.000, 0.308, 0.000
-5.390, 16.033, -7.968, 0.000, 0.301, 0.000
-4.990, 16.050, -8.236, 0.000, 0.294, 0.000
-4.577, 16.067, -8.484, 0.000, 0.288, 0.000
-4.151, 16.083, -8.711, 0.000, 0.282, 0.000
-3.714, 16.100, -8.917, 0.000, 0.277, 0.000
-3.267, 16.117, -9.101, 0.000, 0.272, 0.000
-2.811, 16.133, -9.263, 0.000, 0.268, 0.000
-2.347, 16.150, -9.401, 0.000, 0.265, 0.000
-1.877, 16.167, -9.517, 0.000, 0.262, 0.000
-1.400, 16.183, -9.609, 0.000, 0.260, 0.000
-0.919, 16.200, -9.676, 0.000, 0.258, 0.000
-0.435, 16.217, -9.720, 0.000, 0.257, 0.000
0.052, 16.233, -9.740, 0.000, 0.257, 0.000
0.539, 16.250, -9.735, 0.000, 0.257, 0.000
1.026, 16.267, -9.706, 0.000, 0.257, 0.000
1.511, 16.283, -9.652, 0.000, 0.259, 0.000
1.994, 16.300, -9.575, 0.000, 0.261, 0.000
2.472, 16.317, -9.473, 0.000, 0.263, 0.000
2.946, 16.333, -9.347, 0.000, 0.266, 0.000
3.413, 16.350, -9.197, 0.000, 0.270, 0.000
3.872, 16.367, -9.024, 0.000, 0.274, 0.000
4.323, 16.383, -8.829, 0.000, 0.279, 0.000
4.763, 16.400, -8.610, 0.000, 0.285, 0.000
5.193, 16.417, -8.370, 0.000, 0.291, 0.000
5.611, 16.433, -8.108, 0.000, 0.297, 0.000
6.015, 16.450, -7.825, 0.000, 0.304, 0.000
6.405, 16.467, -7.523, 0.000, 0.312, 0.000
6.780, 16.483, -7.200, 0.000, 0.320, 0.000
7.138, 16.500, -6.860, 0.000, 0.329, 0.000
7.480, 16.517, -6.501, 0.000, 0.337, 0.000
7.803, 16.533, -6.125, 0.000, 0.347, 0.000
8.108, 16.550, -5.733, 0.000, 0.357, 0.000
8.393, 16.567, -5.326, 0.000, 0.367, 0.000
8.657, 16.583, -4.905, 0.000, 0.377, 0.000
8.900, 16.600, -4.471, 0.000, 0.388, 0.000
9.122, 16.617, -4.024, 0.000, 0.399, 0.000
9.321, 16.633, -3.567, 0.000, 0.411, 0.000
9.497, 16.650, -3.100, 0.000, 0.423, 0.000
9.650, 16.667, -2.624, 0.000, 0.434, 0.000
9.779, 16.683, -2.140, 0.000, 0.446, 0.000
9.883, 16.700, -1.651, 0.000, 0.459, 0.000
9.963, 16.717, -1.156, 0.000, 0.471, 0.000
10.018, 16.733, -0.657, 0.000, 0.484, 0.000
10.049, 16.750, -0.156, 0.000, 0.496, 0.000
10.054, 16.767, 0.347, 0.000, 0.509, 0.000
10.034, 16.783, 0.850, 0.000, 0.521, 0.000
9.989, 16.800, 1.352, 0.000, 0.534, 0.000
9.919, 16.817, 1.851, 0.000, 0.546, 0.000
9.824, 16.833, 2.347, 0.000, 0.559, 0.000
9.704, 16.850, 2.838, 0.000, 0.571, 0.000
9.559, 16.867, 3.323, 0.000, 0.583, 0.000
9.390, 16.883, 3.800, 0.000, 0.595, 0.000
9.198, 16.900, 4.269, 0.000, 0.607, 0.000
8.982, 16.917, 4.728, 0.000, 0.618, 0.000
8.743, 16.933, 5.176, 0.000, 0.629, 0.000
8.482, 16.950, 5.612, 0.000, 0.640, 0.000
8.199, 16.967, 6.035, 0.000, 0.651, 0.000
7.894, 16.983, 6.443, 0.000, 0.661, 0.000
7.570, 17.000, 6.836, 0.000, 0.671, 0.000
7.226, 17.017, 7.213, 0.000, 0.680, 0.000
6.863, 17.033, 7.573, 0.000, 0.689, 0.000
6.482, 17.050, 7.914, 0.000, 0.698, 0.000
6.085, 17.067, 8.236, 0.000, 0.706, 0.000
5.671, 17.083, 8.538, 0.000, 0.713, 0.000
5.242, 17.100, 8.820, 0.000, 0.720, 0.000
4.800, 17.117, 9.079, 0.000, 0.727, 0.000
4.344, 17.133, 9.317, 0.000, 0.733, 0.000
3.877, 17.150, 9.532, 0.000, 0.738, 0.000
3.399, 17.167, 9.723, 0.000, 0.743, 0.000
2.911, 17.183, 9.890, 0.000, 0.747, 0.000
2.416, 17.200, 10.033, 0.000, 0.751, 0.000
1.913, 17.217, 10.151, 0.000, 0.754, 0.000
1.405, 17.233, 10.244, 0.000, 0.756, 0.000
0.892, 17.250, 10.312, 0.000, 0.758, 0.000
0.376, 17.267, 10.353, 0.000, 0.759, 0.000
-0.142, 17.283, 10.369, 0.000, 0.759, 0.000
-0.661, 17.300, 10.359, 0.000, 0.759, 0.000
-1.179, 17.317, 10.323, 0.000, 0.758, 0.000
-1.695, 17.333, 10.261, 0.000, 0.757, 0.000
-2.208, 17.350, 10.173, 0.000, 0.754, 0.000
-2.716, 17.367, 10.060, 0.000, 0.751, 0.000
-3.219, 17.383, 9.921, 0.000, 0.748, 0.000
-3.714, 17.400, 9.757, 0.000, 0.744, 0.000
-4.201, 17.417, 9.568, 0.000, 0.739, 0.000
-4.679, 17.433, 9.355, 0.000, 0.734, 0.000
-5.145, 17.450, 9.119, 0.000, 0.728, 0.000
-5.600, 17.467, 8.858, 0.000, 0.721, 0.000
-6.041, 17.483, 8.576, 0.000, 0.714, 0.000
-6.469, 17.500, 8.271, 0.000, 0.707, 0.000
-6.880, 17.517, 7.945, 0.000, 0.699, 0.000
-7.276, 17.533, 7.598, 0.000, 0.690, 0.000
-7.654, 17.550, 7.232, 0.000, 0.681, 0.000
-8.013, 17.567, 6.847, 0.000, 0.671, 0.000
-8.353, 17.583, 6.444, 0.000, 0.661, 0.000
-8.673, 17.600, 6.024, 0.000, 0.651, 0.000
-8.972, 17.617, 5.588, 0.000, 0.640, 0.000
-9.249, 17.633, 5.138, 0.000, 0.628, 0.000
-9.503, 17.650, 4.674, 0.000, 0.617, 0.000
-9.734, 17.667, 4.197, 0.000, 0.605, 0.000
-9.941, 17.683, 3.709, 0.000, 0.593, 0.000
-10.123, 17.700, 3.210, 0.000, 0.580, 0.000
-10.281, 17.717, 2.703, 0.000, 0.568, 0.000
-10.413, 17.733, 2.188, 0.000, 0.555, 0.000
-10.519, 17.750, 1.666, 0.000, 0.542, 0.000
-10.599, 17.767, 1.139, 0.000, 0.528, 0.000
-10.653, 17.783, 0.609, 0.000, 0.515, 0.000
-10.680, 17.800, 0.076, 0.000, 0.502, 0.000
-10.680, 17.817, -0.459, 0.000, 0.489, 0.000
-10.654, 17.833, -0.993, 0.000, 0.475, 0.000
-10.601, 17.850, -1.526, 0.000, 0.462, 0.000
-10.521, 17.867, -2.055, 0.000, 0.449, 0.000
-10.415, 17.883, -2.581, 0.000, 0.435, 0.000
-10.283, 17.900, -3.101, 0.000, 0.422, 0.000
-10.124, 17.917, -3.615, 0.000, 0.410, 0.000
-9.940, 17.933, -4.120, 0.000, 0.397, 0.000
-9.731, 17.950, -4.616, 0.000, 0.385, 0.000
-9.497, 17.967, -5.101, 0.000, 0.372, 0.000
-9.238, 17.983, -5.575, 0.000, 0.361, 0.000
-8.957, 18.000, -6.035, 0.000, 0.349, 0.000
-8.652, 18.017, -6.481, 0.000, 0.338, 0.000
-8.325, 18.033, -6.912, 0.000, 0.327, 0.000
-7.976, 18.050, -7.326, 0.000, 0.317, 0.000
-7.607, 18.067, -7.723, 0.000, 0.307, 0.000
-7.218, 18.083, -8.101, 0.000, 0.297, 0.000
-6.811, 18.100, -8.459, 0.000, 0.289, 0.000
-6.385, 18.117, -8.797, 0.000, 0.280, 0.000
-5.943, 18.133, -9.113, 0.000, 0.272, 0.000
-5.485, 18.150, -9.408, 0.000, 0.265, 0.000
-5.013, 18.167, -9.679, 0.000, 0.258, 0.000
-4.527, 18.183, -9.926, 0.000, 0.252, 0.000
-4.029, 18.200, -10.150, 0.000, 0.246, 0.000
-3.520, 18.217, -10.348, 0.000, 0.241, 0.000
-3.001, 18.233, -10.520, 0.000, 0.237, 0.000
-2.474, 18.250, -10.667, 0.000, 0.233, 0.000
-1.939, 18.267, -10.787, 0.000, 0.230, 0.000
-1.399, 18.283, -10.880, 0.000, 0.228, 0.000
-0.854, 18.300, -10.947, 0.000, 0.226, 0.000
-0.306, 18.317, -10.986, 0.000, 0.225, 0.000
0.243, 18.333, -10.997, 0.000, 0.225, 0.000
0.793, 18.350, -10.981, 0.000, 0.225, 0.000
1.343, 18.367, -10.938, 0.000, 0.227, 0.000
1.889, 18.383, -10.867, 0.000, 0.228, 0.000
2.432, 18.400, -10.769, 0.000, 0.231, 0.000
2.970, 18.417, -10.643, 0.000, 0.234, 0.000
3.501, 18.433, -10.491, 0.000, 0.238, 0.000
4.025, 18.450, -10.312, 0.000, 0.242, 0.000
4.540, 18.467, -10.107, 0.000, 0.247, 0.000
5.044, 18.483, -9.877, 0.000, 0.253, 0.000
5.536, 18.500, -9.621, 0.000, 0.259, 0.000
6.015, 18.517, -9.341, 0.000, 0.266, 0.000
6.480, 18.533, -9.037, 0.000, 0.274, 0.000
6.930, 18.550, -8.709, 0.000, 0.282, 0.000
7.363, 18.567, -8.359, 0.000, 0.291, 0.000
7.779, 18.583, -7.988, 0.000, 0.300, 0.000
8.176, 18.600, -7.596, 0.000, 0.310, 0.000
8.553, 18.617, -7.185, 0.000, 0.320, 0.000
8.909, 18.633, -6.754, 0.000, 0.331, 0.000
9.244, 18.650, -6.306, 0.000, 0.342, 0.000
9.556, 18.667, -5.841, 0.000, 0.354, 0.000
9.845, 18.683, -5.361, 0.000, 0.366, 0.000
10.110, 18.700, -4.867, 0.000, 0.378, 0.000
10.349, 18.717, -4.359, 0.000, 0.391, 0.000
10.564, 18.733, -3.840, 0.000, 0.404, 0.000
10.752, 18.750, -3.310, 0.000, 0.417, 0.000
10.914, 18.767, -2.771, 0.000, 0.431, 0.000
11.048, 18.783, -2.224, 0.000, 0.444, 0.000
11.156, 18.800, -1.671, 0.000, 0.458, 0.000
11.235, 18.817, -1.112, 0.000, 0.472, 0.000
11.287, 18.833, -0.550, 0.000, 0.486, 0.000
11.310, 18.850, 0.015, 0.000, 0.500, 0.000
11.305, 18.867, 0.581, 0.000, 0.515, 0.000
11.272, 18.883, 1.146, 0.000, 0.529, 0.000
11.210, 18.900, 1.710, 0.000, 0.543, 0.000
11.121, 18.917, 2.270, 0.000, 0.557, 0.000
11.003, 18.933, 2.825, 0.000, 0.571, 0.000
10.858, 18.950, 3.375, 0.000, 0.584, 0.000
10.685, 18.967, 3.916, 0.000, 0.598, 0.000
10.485, 18.983, 4.449, 0.000, 0.611, 0.000
10.258, 19.000, 4.972, 0.000, 0.624, 0.000
10.006, 19.017, 5.484, 0.000, 0.637, 0.000
9.728, 19.033, 5.982, 0.000, 0.650, 0.000
9.425, 19.050, 6.466, 0.000, 0.662, 0.000
9.098, 19.067, 6.935, 0.000, 0.673, 0.000
8.748, 19.083, 7.388, 0.000, 0.685, 0.000
8.375, 19.100, 7.823, 0.000, 0.696, 0.000
7.980, 19.117, 8.239, 0.000, 0.706, 0.000
7.565, 19.133, 8.635, 0.000, 0.716, 0.000
7.130, 19.150, 9.010, 0.000, 0.725, 0.000
6.677, 19.167, 9.363, 0.000, 0.734, 0.000
6.206, 19.183, 9.694, 0.000, 0.742, 0.000
5.719, 19.200, 10.000, 0.000, 0.750, 0.000
5.216, 19.217, 10.283, 0.000, 0.757, 0.000
4.700, 19.233, 10.540, 0.000, 0.763, 0.000
4.171, 19.250, 10.771, 0.000, 0.769, 0.000
3.630, 19.267, 10.975, 0.000, 0.774, 0.000
3.080, 19.283, 11.152, 0.000, 0.779, 0.000
2.521, 19.300, 11.302, 0.000, 0.783, 0.000
1.955, 19.317, 11.424, 0.000, 0.786, 0.000
1.382, 19.333, 11.517, 0.000, 0.788, 0.000
0.806, 19.350, 11.582, 0.000, 0.790, 0.000
0.226, 19.367, 11.618, 0.000, 0.790, 0.000
-0.355, 19.383, 11.625, 0.000, 0.791, 0.000
-0.936, 19.400, 11.602, 0.000, 0.790, 0.000
-1.516, 19.417, 11.551, 0.000, 0.789, 0.000
-2.094, 19.433, 11.470, 0.000, 0.787, 0.000
-2.667, 19.450, 11.361, 0.000, 0.784, 0.000
-3.234, 19.467, 11.223, 0.000, 0.781, 0.000
-3.794, 19.483, 11.057, 0.000, 0.776, 0.000
-4.346, 19.500, 10.863, 0.000, 0.772, 0.000
-4.887, 19.517, 10.641, 0.000, 0.766, 0.000
-5.418, 19.533, 10.393, 0.000, 0.760, 0.000
-5.935, 19.550, 10.118, 0.000, 0.753, 0.000
-6.439, 19.567, 9.817, 0.000, 0.745, 0.000
-6.928, 19.583, 9.491, 0.000, 0.737, 0.000
-7.400, 19.600, 9.140, 0.000, 0.729, 0.000
-7.854, 19.617, 8.766, 0.000, 0.719, 0.000
-8.289, 19.633, 8.370, 0.000, 0.709, 0.000
-8.704, 19.650, 7.952, 0.000, 0.699, 0.000
-9.099, 19.667, 7.514, 0.000, 0.688, 0.000
-9.471, 19.683, 7.055, 0.000, 0.676, 0.000
-9.820, 19.700, 6.579, 0.000, 0.664, 0.000
-10.145, 19.717, 6.085, 0.000, 0.652, 0.000
-10.445, 19.733, 5.575, 0.000, 0.639, 0.000
-10.720, 19.750, 5.050, 0.000, 0.626, 0.000
-10.968, 19.767, 4.512, 0.000, 0.613, 0.000
-11.189, 19.783, 3.961, 0.000, 0.599, 0.000
-11.383, 19.800, 3.400, 0.000, 0.585, 0.000
-11.548, 19.817, 2.829, 0.000, 0.571, 0.000
-11.685, 19.833, 2.250, 0.000, 0.556, 0.000
-11.793, 19.850, 1.665, 0.000, 0.542, 0.000
-11.871, 19.867, 1.074, 0.000, 0.527, 0.000
-11.920, 19.883, 0.480, 0.000, 0.512, 0.000
-11.939, 19.900, -0.116, 0.000, 0.497, 0.000
-11.929, 19.917, -0.713, 0.000, 0.482, 0.000
-11.888, 19.933, -1.310, 0.000, 0.467, 0.000
-11.818, 19.950, -1.904, 0.000, 0.452, 0.000
-11.717, 19.967, -2.494, 0.000, 0.438, 0.000
-11.588, 19.983, -3.079, 0.000, 0.423, 0.000
-11.429, 20.000, -3.658, 0.000, 0.409, 0.000
-11.241, 20.017, -4.228, 0.000, 0.394, 0.000
-11.025, 20.033, -4.788, 0.000, 0.380, 0.000
-10.781, 20.050, -5.338, 0.000, 0.367, 0.000
-10.509, 20.067, -5.875, 0.000, 0.353, 0.000
-10.211, 20.083, -6.398, 0.000, 0.340, 0.000
-9.887, 20.100, -6.906, 0.000, 0.327, 0.000
-9.537, 20.117, -7.398, 0.000, 0.315, 0.000
-9.163, 20.133, -7.872, 0.000, 0.303, 0.000
-8.765, 20.150, -8.327, 0.000, 0.292, 0.000
-8.345, 20.167, -8.762, 0.000, 0.281, 0.000
-7.903, 20.183, -9.175, 0.000, 0.271, 0.000
-7.441, 20.200, -9.567, 0.000, 0.261, 0.000
-6.959, 20.217, -9.935, 0.000, 0.252, 0.000
-6.459, 20.233, -10.279, 0.000, 0.243, 0.000
-5.943, 20.250, -10.598, 0.000, 0.235, 0.000
-5.410, 20.267, -10.890, 0.000, 0.228, 0.000
-4.863, 20.283, -11.156, 0.000, 0.221, 0.000
-4.303, 20.300, -11.395, 0.000, 0.215, 0.000
-3.731, 20.317, -11.605, 0.000, 0.210, 0.000
-3.149, 20.333, -11.787, 0.000, 0.205, 0.000
-2.558, 20.350, -11.939, 0.000, 0.202, 0.000
-1.960, 20.367, -12.062, 0.000, 0.198, 0.000
-1.355, 20.383, -12.155, 0.000, 0.196, 0.000
-0.747, 20.400, -12.217, 0.000, 0.195, 0.000
-0.135, 20.417, -12.249, 0.000, 0.194, 0.000
0.477, 20.433, -12.251, 0.000, 0.194, 0.000
1.090, 20.450, -12.221, 0.000, 0.194, 0.000
1.701, 20.467, -12.162, 0.000, 0.196, 0.000
2.308, 20.483, -12.071, 0.000, 0.198, 0.000
2.911, 20.500, -11.951, 0.000, 0.201, 0.000
3.508, 20.517, -11.800, 0.000, 0.205, 0.000
4.096, 20.533, -11.619, 0.000, 0.210, 0.000
4.676, 20.550, -11.409, 0.000, 0.215, 0.000
5.244, 20.567, -11.170, 0.000, 0.221, 0.000
5.801, 20.583, -10.903, 0.000, 0.227, 0.000
6.344, 20.600, -10.608, 0.000, 0.235, 0.000
6.871, 20.617, -10.286, 0.000, 0.243, 0.000
7.383, 20.633, -9.938, 0.000, 0.252, 0.000
7.877, 20.650, -9.564, 0.000, 0.261, 0.000
8.351, 20.667, -9.166, 0.000, 0.271, 0.000
8.806, 20.683, -8.744, 0.000, 0.281, 0.000
9.240, 20.700, -8.300, 0.000, 0.293, 0.000
9.651, 20.717, -7.834, 0.000, 0.304, 0.000
10.038, 20.733, -7.348, 0.000, 0.316, 0.000
10.401, 20.750, -6.842, 0.000, 0.329, 0.000
10.739, 20.767, -6.319, 0.000, 0.342, 0.000
11.050, 20.783, -5.779, 0.000, 0.356, 0.000
11.334, 20.800, -5.224, 0.000, 0.369, 0.000
11.590, 20.817, -4.654, 0.000, 0.384, 0.000
11.818, 20.833, -4.072, 0.000, 0.398, 0.000
12.016, 20.850, -3.479, 0.000, 0.413, 0.000
12.185, 20.867, -2.877, 0.000, 0.428, 0.000
12.323, 20.883, -2.266, 0.000, 0.443, 0.000
12.431, 20.900, -1.649, 0.000, 0.459, 0.000
12.508, 20.917, -1.026, 0.000, 0.474, 0.000
12.554, 20.933, -0.400, 0.000, 0.490, 0.000
12.568, 20.950, 0.228, 0.000, 0.506, 0.000
12.551, 20.967, 0.857, 0.000, 0.521, 0.000
12.502, 20.983, 1.484, 0.000, 0.537, 0.000
12.422, 21.000, 2.109, 0.000, 0.553, 0.000
12.311, 21.017, 2.729, 0.000, 0.568, 0.000
12.169, 21.033, 3.344, 0.000, 0.584, 0.000
11.996, 21.050, 3.951, 0.000, 0.599, 0.000
11.793, 21.067, 4.549, 0.000, 0.614, 0.000
11.560, 21.083, 5.137, 0.000, 0.628, 0.000
11.298, 21.100, 5.713, 0.000, 0.643, 0.000
11.007, 21.117, 6.275, 0.000, 0.657, 0.000
10.688, 21.133, 6.823, 0.000, 0.671, 0.000
10.342, 21.150, 7.354, 0.000, 0.684, 0.000
9.969, 21.167, 7.868, 0.000, 0.697, 0.000
9.571, 21.183, 8.363, 0.000, 0.709, 0.000
9.148, 21.200, 8.838, 0.000, 0.721, 0.000
8.702, 21.217, 9.291, 0.000, 0.732, 0.000
8.233, 21.233, 9.722, 0.000, 0.743, 0.000
7.743, 21.250, 10.130, 0.000, 0.753, 0.000
7.233, 21.267, 10.512, 0.000, 0.763, 0.000
6.704, 21.283, 10.869, 0.000, 0.772, 0.000
6.157, 21.300, 11.199, 0.000, 0.780, 0.000
5.594, 21.317, 11.502, 0.000, 0.788, 0.000
5.016, 21.333, 11.776, 0.000, 0.794, 0.000
4.424, 21.350, 12.022, 0.000, 0.801, 0.000
3.821, 21.367, 12.237, 0.000, 0.806, 0.000
3.207, 21.383, 12.423, 0.000, 0.811, 0.000
2.584, 21.400, 12.577, 0.000, 0.814, 0.000
1.954, 21.417, 12.701, 0.000, 0.818, 0.000
1.318, 21.433, 12.792, 0.000, 0.820, 0.000
0.677, 21.450, 12.852, 0.000, 0.821, 0.000
0.034, 21.467, 12.880, 0.000, 0.822, 0.000
-0.610, 21.483, 12.876, 0.000, 0.822, 0.000
-1.254, 21.500, 12.839, 0.000, 0.821, 0.000
-1.895, 21.517, 12.770, 0.000, 0.819, 0.000
-2.533, 21.533, 12.669, 0.000, 0.817, 0.000
-3.166, 21.550, 12.536, 0.000, 0.813, 0.000
-3.791, 21.567, 12.372, 0.000, 0.809, 0.000
-4.408, 21.583, 12.177, 0.000, 0.804, 0.000
-5.015, 21.600, 11.950, 0.000, 0.799, 0.000
-5.611, 21.617, 11.694, 0.000, 0.792, 0.000
-6.193, 21.633, 11.407, 0.000, 0.785, 0.000
-6.760, 21.650, 11.092, 0.000, 0.777, 0.000
-7.312, 21.667, 10.749, 0.000, 0.769, 0.000
-7.846, 21.683, 10.378, 0.000, 0.759, 0.000
-8.361, 21.700, 9.980, 0.000, 0.750, 0.000
-8.856, 21.717, 9.557, 0.000, 0.739, 0.000
-9.330, 21.733, 9.110, 0.000, 0.728, 0.000
-9.781, 21.750, 8.639, 0.000, 0.716, 0.000
-10.209, 21.767, 8.145, 0.000, 0.704, 0.000
-10.611, 21.783, 7.631, 0.000, 0.691, 0.000
-10.988, 21.800, 7.096, 0.000, 0.677, 0.000
-11.337, 21.817, 6.543, 0.000, 0.664, 0.000
-11.659, 21.833, 5.973, 0.000, 0.649, 0.000
-11.952, 21.850, 5.387, 0.000, 0.635, 0.000
-12.216, 21.867, 4.787, 0.000, 0.620, 0.000
-12.449, 21.883, 4.173, 0.000, 0.604, 0.000
-12.652, 21.900, 3.548, 0.000, 0.589, 0.000
-12.823, 21.917, 2.914, 0.000, 0.573, 0.000
-12.963, 21.933, 2.271, 0.000, 0.557, 0.000
-13.070, 21.950, 1.622, 0.000, 0.541, 0.000
-13.144, 21.967, 0.967, 0.000, 0.524, 0.000
-13.186, 21.983, 0.309, 0.000, 0.508, 0.000
-13.195, 22.000, -0.350, 0.000, 0.491, 0.000
-13.171, 22.017, -1.010, 0.000, 0.475, 0.000
-13.114, 22.033, -1.669, 0.000, 0.458, 0.000
-13.024, 22.050, -2.324, 0.000, 0.442, 0.000
-12.902, 22.067, -2.974, 0.000, 0.426, 0.000
-12.747, 22.083, -3.618, 0.000, 0.410, 0.000
-12.559, 22.100, -4.254, 0.000, 0.394, 0.000
-12.340, 22.117, -4.880, 0.000, 0.378, 0.000
-12.090, 22.133, -5.494, 0.000, 0.363, 0.000
-11.809, 22.150, -6.096, 0.000, 0.348, 0.000
-11.498, 22.167, -6.684, 0.000, 0.333, 0.000
-11.158, 22.183, -7.256, 0.000, 0.319, 0.000
-10.790, 22.200, -7.810, 0.000, 0.305, 0.000
-10.394, 22.217, -8.346, 0.000, 0.291, 0.000
-9.971, 22.233, -8.862, 0.000, 0.278, 0.000
-9.523, 22.250, -9.356, 0.000, 0.266, 0.000
-9.050, 22.267, -9.828, 0.000, 0.254, 0.000
-8.554, 22.283, -10.275, 0.000, 0.243, 0.000
-8.036, 22.300, -10.698, 0.000, 0.233, 0.000
-7.497, 22.317, -11.095, 0.000, 0.223, 0.000
-6.938, 22.333, -11.464, 0.000, 0.213, 0.000
-6.361, 22.350, -11.805, 0.000, 0.205, 0.000
-5.768, 22.367, -12.117, 0.000, 0.197, 0.000
-5.159, 22.383, -12.400, 0.000, 0.190, 0.000
-4.536, 22.400, -12.652, 0.000, 0.184, 0.000
-3.901, 22.417, -12.872, 0.000, 0.178, 0.000
-3.255, 22.433, -13.061, 0.000, 0.173, 0.000
-2.600, 22.450, -13.217, 0.000, 0.170, 0.000
-1.938, 22.467, -13.340, 0.000, 0.166, 0.000
-1.269, 22.483, -13.430, 0.000, 0.164, 0.000
-0.597, 22.500, -13.487, 0.000, 0.163, 0.000
0.078, 22.517, -13.510, 0.000, 0.162, 0.000
0.753, 22.533, -13.499, 0.000, 0.163, 0.000
1.428, 22.550, -13.454, 0.000, 0.164, 0.000
2.100, 22.567, -13.376, 0.000, 0.166, 0.000
2.768, 22.583, -13.264, 0.000, 0.168, 0.000
3.430, 22.600, -13.119, 0.000, 0.172, 0.000
4.085, 22.617, -12.941, 0.000, 0.176, 0.000
4.730, 22.633, -12.730, 0.000, 0.182, 0.000
5.364, 22.650, -12.487, 0.000, 0.188, 0.000
5.986, 22.667, -12.212, 0.000, 0.195, 0.000
6.594, 22.683, -11.906, 0.000, 0.202, 0.000
7.186, 22.700, -11.570, 0.000, 0.211, 0.000
7.761, 22.717, -11.205, 0.000, 0.220, 0.000
8.317, 22.733, -10.811, 0.000, 0.230, 0.000
8.854, 22.750, -10.389, 0.000, 0.240, 0.000
9.369, 22.767, -9.941, 0.000, 0.251, 0.000
9.861, 22.783, -9.467, 0.000, 0.263, 0.000
10.329, 22.800, -8.969, 0.000, 0.276, 0.000
10.773, 22.817, -8.448, 0.000, 0.289, 0.000
11.190, 22.833, -7.905, 0.000, 0.302, 0.000
11.579, 22.850, -7.341, 0.000, 0.316, 0.000
11.940, 22.867, -6.758, 0.000, 0.331, 0.000
12.272, 22.883, -6.157, 0.000, 0.346, 0.000
12.573, 22.900, -5.540, 0.000, 0.361, 0.000
12.844, 22.917, -4.909, 0.000, 0.377, 0.000
13.083, 22.933, -4.264, 0.000, 0.393, 0.000
13.289, 22.950, -3.607, 0.000, 0.410, 0.000
13.463, 22.967, -2.940, 0.000, 0.426, 0.000
13.603, 22.983, -2.266, 0.000, 0.443, 0.000
13.709, 23.000, -1.584, 0.000, 0.460, 0.000
13.781, 23.017, -0.898, 0.000, 0.478, 0.000
13.818, 23.033, -0.208, 0.000, 0.495, 0.000
13.822, 23.050, 0.483, 0.000, 0.512, 0.000
13.790, 23.067, 1.174, 0.000, 0.529, 0.000
13.724, 23.083, 1.864, 0.000, 0.547, 0.000
13.624, 23.100, 2.549, 0.000, 0.564, 0.000
13.489, 23.117, 3.229, 0.000, 0.581, 0.000
13.320, 23.133, 3.902, 0.000, 0.598, 0.000
13.118, 23.150, 4.566, 0.000, 0.614, 0.000
12.883, 23.167, 5.220, 0.000, 0.630, 0.000
12.615, 23.183, 5.861, 0.000, 0.647, 0.000
12.315, 23.200, 6.489, 0.000, 0.662, 0.000
11.984, 23.217, 7.102, 0.000, 0.678, 0.000
11.622, 23.233, 7.697, 0.000, 0.692, 0.000
11.231, 23.250, 8.274, 0.000, 0.707, 0.000
10.811, 23.267, 8.832, 0.000, 0.721, 0.000
10.364, 23.283, 9.368, 0.000, 0.734, 0.000
9.890, 23.300, 9.881, 0.000, 0.747, 0.000
9.390, 23.317, 10.370, 0.000, 0.759, 0.000
8.866, 23.333, 10.834, 0.000, 0.771, 0.000
8.320, 23.350, 11.272, 0.000, 0.782, 0.000
7.752, 23.367, 11.682, 0.000, 0.792, 0.000
7.163, 23.383, 12.064, 0.000, 0.802, 0.000
6.556, 23.400, 12.415, 0.000, 0.810, 0.000
5.931, 23.417, 12.737, 0.000, 0.818, 0.000
5.291, 23.433, 13.026, 0.000, 0.826, 0.000
4.637, 23.450, 13.284, 0.000, 0.832, 0.000
3.970, 23.467, 13.509, 0.000, 0.838, 0.000
3.292, 23.483, 13.700, 0.000, 0.842, 0.000
2.605, 23.500, 13.857, 0.000, 0.846, 0.000
1.911, 23.517, 13.980, 0.000, 0.850, 0.000
1.210, 23.533, 14.068, 0.000, 0.852, 0.000
0.506, 23.550, 14.121, 0.000, 0.853, 0.000
-0.200, 23.567, 14.139, 0.000, 0.853, 0.000
-0.907, 23.583, 14.121, 0.000, 0.853, 0.000
-1.613, 23.600, 14.068, 0.000, 0.852, 0.000
-2.316, 23.617, 13.979, 0.000, 0.849, 0.000
-3.014, 23.633, 13.856, 0.000, 0.846, 0.000
-3.705, 23.650, 13.698, 0.000, 0.842, 0.000
-4.388, 23.667, 13.505, 0.000, 0.838, 0.000
-5.061, 23.683, 13.278, 0.000, 0.832, 0.000
-5.723, 23.700, 13.018, 0.000, 0.825, 0.000
-6.370, 23.717, 12.724, 0.000, 0.818, 0.000
-7.003, 23.733, 12.399, 0.000, 0.810, 0.000
-7.620, 23.750, 12.042, 0.000, 0.801, 0.000
-8.218, 23.767, 11.654, 0.000, 0.791, 0.000
-8.796, 23.783, 11.237, 0.000, 0.781, 0.000
-9.353, 23.800, 10.791, 0.000, 0.770, 0.000
-9.888, 23.817, 10.317, 0.000, 0.758, 0.000
-10.398, 23.833, 9.817, 0.000, 0.745, 0.000
-10.884, 23.850, 9.291, 0.000, 0.732, 0.000
-11.342, 23.867, 8.742, 0.000, 0.719, 0.000
-11.773, 23.883, 8.170, 0.000, 0.704, 0.000
-12.175, 23.900, 7.576, 0.000, 0.689, 0.000
-12.547, 23.917, 6.963, 0.000, 0.674, 0.000
-12.889, 23.933, 6.332, 0.000, 0.658, 0.000
-13.198, 23.950, 5.684, 0.000, 0.642, 0.000
-13.475, 23.967, 5.020, 0.000, 0.626, 0.000
-13.719, 23.983, 4.344, 0.000, 0.609, 0.000
-13.928, 24.000, 3.655, 0.000, 0.591, 0.000
-14.103, 24.017, 2.956, 0.000, 0.574, 0.000
-14.243, 24.033, 2.249, 0.000, 0.556, 0.000
-14.348, 24.050, 1.536, 0.000, 0.538, 0.000
-14.417, 24.067, 0.817, 0.000, 0.520, 0.000
-14.450, 24.083, 0.096, 0.000, 0.502, 0.000
-14.446, 24.100, -0.627, 0.000, 0.484, 0.000
-14.407, 24.117, -1.349, 0.000, 0.466, 0.000
-14.331, 24.133, -2.069, 0.000, 0.448, 0.000
-14.220, 24.150, -2.785, 0.000, 0.430, 0.000
-14.073, 24.167, -3.494, 0.000, 0.413, 0.000
-13.890, 24.183, -4.196, 0.000, 0.395, 0.000
-13.672, 24.200, -4.888, 0.000, 0.378, 0.000
-13.420, 24.217, -5.569, 0.000, 0.361, 0.000
-13.134, 24.233, -6.237, 0.000, 0.344, 0.000
-12.815, 24.250, -6.891, 0.000, 0.328, 0.000
-12.463, 24.267, -7.528, 0.000, 0.312, 0.000
-12.079, 24.283, -8.147, 0.000, 0.296, 0.000
-11.665, 24.300, -8.746, 0.000, 0.281, 0.000
-11.221, 24.317, -9.325, 0.000, 0.267, 0.000
-10.748, 24.333, -9.881, 0.000, 0.253, 0.000
-10.248, 24.350, -10.413, 0.000, 0.240, 0.000
-9.722, 24.367, -10.920, 0.000, 0.227, 0.000
-9.170, 24.383, -11.400, 0.000, 0.215, 0.000
-8.595, 24.400, -11.852, 0.000, 0.204, 0.000
-7.997, 24.417, -12.275, 0.000, 0.193, 0.000
-7.379, 24.433, -12.668, 0.000, 0.183, 0.000
-6.741, 24.450, -13.030, 0.000, 0.174, 0.000
-6.085, 24.467, -13.359, 0.000, 0.166, 0.000
-5.414, 24.483, -13.656, 0.000, 0.159, 0.000
-4.728, 24.500, -13.919, 0.000, 0.152, 0.000
-4.029, 24.517, -14.148, 0.000, 0.146, 0.000
-3.319, 24.533, -14.341, 0.000, 0.141, 0.000
-2.600, 24.550, -14.499, 0.000, 0.138, 0.000
-1.873, 24.567, -14.620, 0.000, 0.134, 0.000
-1.141, 24.583, -14.706, 0.000, 0.132, 0.000
-0.405, 24.600, -14.754, 0.000, 0.131, 0.000
0.333, 24.617, -14.766, 0.000, 0.131, 0.000
1.072, 24.633, -14.741, 0.000, 0.131, 0.000
1.808, 24.650, -14.679, 0.000, 0.133, 0.000
2.541, 24.667, -14.580, 0.000, 0.135, 0.000
3.269, 24.683, -14.445, 0.000, 0.139, 0.000
3.990, 24.700, -14.273, 0.000, 0.143, 0.000
4.701, 24.717, -14.065, 0.000, 0.148, 0.000
5.402, 24.733, -13.822, 0.000, 0.154, 0.000
6.090, 24.750, -13.544, 0.000, 0.161, 0.000
6.764, 24.767, -13.231, 0.000, 0.169, 0.000
7.422, 24.783, -12.885, 0.000, 0.178, 0.000
8.062, 24.800, -12.507, 0.000, 0.187, 0.000
8.683, 24.817, -12.096, 0.000, 0.198, 0.000
9.283, 24.833, -11.655, 0.000, 0.209, 0.000
9.860, 24.850, -11.184, 0.000, 0.220, 0.000
10.414, 24.867, -10.684, 0.000, 0.233, 0.000
10.942, 24.883, -10.157, 0.000, 0.246, 0.000
11.444, 24.900, -9.604, 0.000, 0.260, 0.000
11.918, 24.917, -9.026, 0.000, 0.274, 0.000
12.362, 24.933, -8.425, 0.000, 0.289, 0.000
12.776, 24.950, -7.802, 0.000, 0.305, 0.000
13.159, 24.967, -7.158, 0.000, 0.321, 0.000
13.509, 24.983, -6.496, 0.000, 0.338, 0.000
13.826, 25.000, -5.817, 0.000, 0.355, 0.000
14.109, 25.017, -5.122, 0.000, 0.372, 0.000
14.357, 25.033, -4.413, 0.000, 0.390, 0.000
14.569, 25.050, -3.693, 0.000, 0.408, 0.000
14.745, 25.067, -2.962, 0.000, 0.426, 0.000
14.885, 25.083, -2.223, 0.000, 0.444, 0.000
14.987, 25.100, -1.477, 0.000, 0.463, 0.000
15.052, 25.117, -0.726, 0.000, 0.482, 0.000
15.080, 25.133, 0.027, 0.000, 0.501, 0.000
15.070, 25.150, 0.781, 0.000, 0.520, 0.000
15.022, 25.167, 1.534, 0.000, 0.538, 0.000
14.936, 25.183, 2.285, 0.000, 0.557, 0.000
14.813, 25.200, 3.030, 0.000, 0.576, 0.000
14.653, 25.217, 3.769, 0.000, 0.594, 0.000
14.456, 25.233, 4.500, 0.000, 0.612, 0.000
14.222, 25.250, 5.220, 0.000, 0.631, 0.000
13.953, 25.267, 5.928, 0.000, 0.648, 0.000
13.648, 25.283, 6.623, 0.000, 0.666, 0.000
13.309, 25.300, 7.301, 0.000, 0.683, 0.000
12.936, 25.317, 7.963, 0.000, 0.699, 0.000
12.530, 25.333, 8.605, 0.000, 0.715, 0.000
12.092, 25.350, 9.226, 0.000, 0.731, 0.000
11.623, 25.367, 9.826, 0.000, 0.746, 0.000
11.125, 25.383, 10.401, 0.000, 0.760, 0.000
10.598, 25.400, 10.951, 0.000, 0.774, 0.000
10.044, 25.417, 11.475, 0.000, 0.787, 0.000
9.465, 25.433, 11.970, 0.000, 0.799, 0.000
8.860, 25.450, 12.437, 0.000, 0.811, 0.000
8.233, 25.467, 12.872, 0.000, 0.822, 0.000
7.584, 25.483, 13.276, 0.000, 0.832, 0.000
6.916, 25.500, 13.648, 0.000, 0.841, 0.000
6.229, 25.517, 13.986, 0.000, 0.850, 0.000
5.526, 25.533, 14.289, 0.000, 0.857, 0.000
4.808, 25.550, 14.557, 0.000, 0.864, 0.000
4.077, 25.567, 14.788, 0.000, 0.870, 0.000
3.335, 25.583, 14.983, 0.000, 0.875, 0.000
2.584, 25.600, 15.141, 0.000, 0.879, 0.000
1.825, 25.617, 15.261, 0.000, 0.882, 0.000
1.061, 25.633, 15.343, 0.000, 0.884, 0.000
0.293, 25.650, 15.387, 0.000, 0.885, 0.000
-0.477, 25.667, 15.393, 0.000, 0.885, 0.000
-1.247, 25.683, 15.359, 0.000, 0.884, 0.000
-2.014, 25.700, 15.288, 0.000, 0.882, 0.000
-2.777, 25.717, 15.178, 0.000, 0.879, 0.000
-3.535, 25.733, 15.030, 0.000, 0.876, 0.000
-4.284, 25.750, 14.844, 0.000, 0.871, 0.000
-5.024, 25.767, 14.621, 0.000, 0.866, 0.000
-5.752, 25.783, 14.361, 0.000, 0.859, 0.000
-6.467, 25.800, 14.064, 0.000, 0.852, 0.000
-7.166, 25.817, 13.733, 0.000, 0.843, 0.000
-7.849, 25.833, 13.366, 0.000, 0.834, 0.000
-8.513, 25.850, 12.965, 0.000, 0.824, 0.000
-9.156, 25.867, 12.532, 0.000, 0.813, 0.000
-9.777, 25.883, 12.066, 0.000, 0.802, 0.000
-10.375, 25.900, 11.570, 0.000, 0.789, 0.000
-10.947, 25.917, 11.044, 0.000, 0.776, 0.000
-11.493, 25.933, 10.490, 0.000, 0.762, 0.000
-12.010, 25.950, 9.909, 0.000, 0.748, 0.000
-12.498, 25.967, 9.302, 0.000, 0.733, 0.000
-12.956, 25.983, 8.671, 0.000, 0.717, 0.000
-13.382, 26.000, 8.018, 0.000, 0.700, 0.000
-13.775, 26.017, 7.344, 0.000, 0.684, 0.000
-14.133, 26.033, 6.651, 0.000, 0.666, 0.000
-14.457, 26.050, 5.940, 0.000, 0.648, 0.000
-14.746, 26.067, 5.213, 0.000, 0.630, 0.000
-14.997, 26.083, 4.472, 0.000, 0.612, 0.000
-15.212, 26.100, 3.720, 0.000, 0.593, 0.000
-15.389, 26.117, 2.957, 0.000, 0.574, 0.000
-15.527, 26.133, 2.185, 0.000, 0.555, 0.000
-15.627, 26.150, 1.407, 0.000, 0.535, 0.000
-15.688, 26.167, 0.625, 0.000, 0.516, 0.000
-15.709, 26.183, -0.160, 0.000, 0.496, 0.000
-15.692, 26.200, -0.946, 0.000, 0.476, 0.000
-15.635, 26.217, -1.730, 0.000, 0.457, 0.000
-15.538, 26.233, -2.511, 0.000, 0.437, 0.000
-15.403, 26.250, -3.286, 0.000, 0.418, 0.000
-15.230, 26.267, -4.054, 0.000, 0.399, 0.000
-15.017, 26.283, -4.814, 0.000, 0.380, 0.000
-14.767, 26.300, -5.562, 0.000, 0.361, 0.000
-14.480, 26.317, -6.297, 0.000, 0.343, 0.000
-14.156, 26.333, -7.017, 0.000, 0.325, 0.000
-13.797, 26.350, -7.721, 0.000, 0.307, 0.000
-13.402, 26.367, -8.406, 0.000, 0.290, 0.000
-12.973, 26.383, -9.071, 0.000, 0.273, 0.000
-12.512, 26.400, -9.714, 0.000, 0.257, 0.000
-12.018, 26.417, -10.334, 0.000, 0.242, 0.000
-11.494, 26.433, -10.928, 0.000, 0.227, 0.000
-10.940, 26.450, -11.496, 0.000, 0.213, 0.000
-10.358, 26.467, -12.036, 0.000, 0.199, 0.000
-9.750, 26.483, -12.547, 0.000, 0.186, 0.000
-9.117, 26.500, -13.027, 0.000, 0.174, 0.000
-8.459, 26.517, -13.475, 0.000, 0.163, 0.000
-7.780, 26.533, -13.889, 0.000, 0.153, 0.000
-7.081, 26.550, -14.270, 0.000, 0.143, 0.000
-6.363, 26.567, -14.615, 0.000, 0.135, 0.000
-5.628, 26.583, -14.924, 0.000, 0.127, 0.000
-4.878, 26.600, -15.196, 0.000, 0.120, 0.000
-4.115, 26.617, -15.431, 0.000, 0.114, 0.000
-3.341, 26.633, -15.627, 0.000, 0.109, 0.000
-2.557, 26.650, -15.784, 0.000, 0.105, 0.000
-1.766, 26.667, -15.902, 0.000, 0.102, 0.000
-0.970, 26.683, -15.981, 0.000, 0.100, 0.000
-0.170, 26.700, -16.019, 0.000, 0.100, 0.000
0.631, 26.717, -16.018, 0.000, 0.100, 0.000
1.432, 26.733, -15.976, 0.000, 0.101, 0.000
2.230, 26.750, -15.894, 0.000, 0.103, 0.000
3.023, 26.767, -15.773, 0.000, 0.106, 0.000
3.810, 26.783, -15.612, 0.000, 0.110, 0.000
4.589, 26.800, -15.411, 0.000, 0.115, 0.000
5.357, 26.817, -15.172, 0.000, 0.121, 0.000
6.112, 26.833, -14.895, 0.000, 0.128, 0.000
6.853, 26.850, -14.580, 0.000, 0.136, 0.000
7.578, 26.867, -14.228, 0.000, 0.144, 0.000
8.285, 26.883, -13.840, 0.000, 0.154, 0.000
8.971, 26.900, -13.417, 0.000, 0.165, 0.000
9.637, 26.917, -12.960, 0.000, 0.176, 0.000
10.279, 26.933, -12.470, 0.000, 0.188, 0.000
10.896, 26.950, -11.948, 0.000, 0.201, 0.000
11.487, 26.967, -11.395, 0.000, 0.215, 0.000
12.049, 26.983, -10.814, 0.000, 0.230, 0.000
12.582, 27.000, -10.204, 0.000, 0.245, 0.000
13.085, 27.017, -9.568, 0.000, 0.261, 0.000
13.555, 27.033, -8.908, 0.000, 0.277, 0.000
13.992, 27.050, -8.225, 0.000, 0.294, 0.000
14.394, 27.067, -7.520, 0.000, 0.312, 0.000
14.761, 27.083, -6.795, 0.000, 0.330, 0.000
15.092, 27.100, -6.052, 0.000, 0.349, 0.000
15.385, 27.117, -5.294, 0.000, 0.368, 0.000
15.640, 27.133, -4.521, 0.000, 0.387, 0.000
15.856, 27.150, -3.736, 0.000, 0.407, 0.000
16.033, 27.167, -2.941, 0.000, 0.426, 0.000
16.169, 27.183, -2.137, 0.000, 0.447, 0.000
16.266, 27.200, -1.327, 0.000, 0.467, 0.000
16.322, 27.217, -0.513, 0.000, 0.487, 0.000
16.337, 27.233, 0.304, 0.000, 0.508, 0.000
16.312, 27.250, 1.121, 0.000, 0.528, 0.000
16.245, 27.267, 1.936, 0.000, 0.548, 0.000
16.138, 27.283, 2.747, 0.000, 0.569, 0.000
15.990, 27.300, 3.552, 0.000, 0.589, 0.000
15.802, 27.317, 4.349, 0.000, 0.609, 0.000
15.575, 27.333, 5.137, 0.000, 0.628, 0.000
15.308, 27.350, 5.913, 0.000, 0.648, 0.000
15.002, 27.367, 6.674, 0.000, 0.667, 0.000
14.659, 27.383, 7.420, 0.000, 0.686, 0.000
14.278, 27.400, 8.149, 0.000, 0.704, 0.000
13.862, 27.417, 8.857, 0.000, 0.721, 0.000
13.410, 27.433, 9.545, 0.000, 0.739, 0.000
12.924, 27.450, 10.209, 0.000, 0.755, 0.000
12.405, 27.467, 10.849, 0.000, 0.771, 0.000
11.854, 27.483, 11.463, 0.000, 0.787, 0.000
11.274, 27.500, 12.048, 0.000, 0.801, 0.000
10.664, 27.517, 12.604, 0.000, 0.815, 0.000
10.027, 27.533, 13.129, 0.000, 0.828, 0.000
9.364, 27.550, 13.622, 0.000, 0.841, 0.000
8.676, 27.567, 14.082, 0.000, 0.852, 0.000
7.966, 27.583, 14.506, 0.000, 0.863, 0.000
7.236, 27.600, 14.895, 0.000, 0.872, 0.000
6.486, 27.617, 15.248, 0.000, 0.881, 0.000
5.720, 27.633, 15.562, 0.000, 0.889, 0.000
4.938, 27.650, 15.838, 0.000, 0.896, 0.000
4.142, 27.667, 16.075, 0.000, 0.902, 0.000
3.336, 27.683, 16.272, 0.000, 0.907, 0.000
2.520, 27.700, 16.428, 0.000, 0.911, 0.000
1.697, 27.717, 16.543, 0.000, 0.914, 0.000
0.868, 27.733, 16.617, 0.000, 0.915, 0.000
0.037, 27.750, 16.650, 0.000, 0.916, 0.000
-0.796, 27.767, 16.641, 0.000, 0.916, 0.000
-1.628, 27.783, 16.590, 0.000, 0.915, 0.000
-2.456, 27.800, 16.498, 0.000, 0.912, 0.000
-3.280, 27.817, 16.365, 0.000, 0.909, 0.000
-4.096, 27.833, 16.190, 0.000, 0.905, 0.000
-4.903, 27.850, 15.975, 0.000, 0.899, 0.000
-5.699, 27.867, 15.719, 0.000, 0.893, 0.000
-6.481, 27.883, 15.424, 0.000, 0.886, 0.000
-7.248, 27.900, 15.089, 0.000, 0.877, 0.000
-7.998, 27.917, 14.717, 0.000, 0.868, 0.000
-8.729, 27.933, 14.308, 0.000, 0.858, 0.000
-9.439, 27.950, 13.862, 0.000, 0.847, 0.000
-10.126, 27.967, 13.381, 0.000, 0.835, 0.000
-10.788, 27.983, 12.866, 0.000, 0.822, 0.000
-11.424, 28.000, 12.318, 0.000, 0.808, 0.000
-12.033, 28.017, 11.738, 0.000, 0.793, 0.000
-12.612, 28.033, 11.129, 0.000, 0.778, 0.000
-13.160, 28.050, 10.491, 0.000, 0.762, 0.000
-13.676, 28.067, 9.826, 0.000, 0.746, 0.000
-14.159, 28.083, 9.135, 0.000, 0.728, 0.000
-14.606, 28.100, 8.421, 0.000, 0.711, 0.000
-15.018, 28.117, 7.685, 0.000, 0.692, 0.000
-15.392, 28.133, 6.929, 0.000, 0.673, 0.000
-15.729, 28.150, 6.155, 0.000, 0.654, 0.000
-16.026, 28.167, 5.364, 0.000, 0.634, 0.000
-16.284, 28.183, 4.559, 0.000, 0.614, 0.000
-16.501, 28.200, 3.742, 0.000, 0.594, 0.000
-16.677, 28.217, 2.914, 0.000, 0.573, 0.000
-16.812, 28.233, 2.078, 0.000, 0.552, 0.000
-16.905, 28.250, 1.236, 0.000, 0.531, 0.000
-16.956, 28.267, 0.390, 0.000, 0.510, 0.000
-16.964, 28.283, -0.458, 0.000, 0.489, 0.000
-16.930, 28.300, -1.306, 0.000, 0.467, 0.000
-16.853, 28.317, -2.152, 0.000, 0.446, 0.000
-16.734, 28.333, -2.993, 0.000, 0.425, 0.000
-16.574, 28.350, -3.828, 0.000, 0.404, 0.000
-16.371, 28.367, -4.654, 0.000, 0.384, 0.000
-16.128, 28.383, -5.470, 0.000, 0.363, 0.000
-15.843, 28.400, -6.273, 0.000, 0.343, 0.000
-15.519, 28.417, -7.061, 0.000, 0.323, 0.000
-15.156, 28.433, -7.833, 0.000, 0.304, 0.000
-14.754, 28.450, -8.585, 0.000, 0.285, 0.000
-14.315, 28.467, -9.317, 0.000, 0.267, 0.000
-13.839, 28.483, -10.027, 0.000, 0.249, 0.000
-13.329, 28.500, -10.712, 0.000, 0.232, 0.000
-12.784, 28.517, -11.372, 0.000, 0.216, 0.000
-12.207, 28.533, -12.004, 0.000, 0.200, 0.000
-11.598, 28.550, -12.606, 0.000, 0.185, 0.000
-10.960, 28.567, -13.178, 0.000, 0.171, 0.000
-10.294, 28.583, -13.717, 0.000, 0.157, 0.000
-9.601, 28.600, -14.223, 0.000, 0.144, 0.000
-8.884, 28.617, -14.693, 0.000, 0.133, 0.000
-8.143, 28.633, -15.128, 0.000, 0.122, 0.000
-7.381, 28.650, -15.525, 0.000, 0.112, 0.000
-6.600, 28.667, -15.883, 0.000, 0.103, 0.000
-5.801, 28.683, -16.203, 0.000, 0.095, 0.000
-4.987, 28.700, -16.482, 0.000, 0.088, 0.000
-4.159, 28.717, -16.720, 0.000, 0.082, 0.000
-3.320, 28.733, -16.917, 0.000, 0.077, 0.000
-2.472, 28.750, -17.072, 0.000, 0.073, 0.000
-1.617, 28.767, -17.184, 0.000, 0.070, 0.000
-0.756, 28.783, -17.253, 0.000, 0.069, 0.000
0.107, 28.800, -17.280, 0.000, 0.068, 0.000
0.971, 28.817, -17.263, 0.000, 0.068, 0.000
1.834, 28.833, -17.203, 0.000, 0.070, 0.000
2.693, 28.850, -17.099, 0.000, 0.073, 0.000
3.546, 28.867, -16.953, 0.000, 0.076, 0.000
4.392, 28.883, -16.764, 0.000, 0.081, 0.000
5.227, 28.900, -16.533, 0.000, 0.087, 0.000
6.050, 28.917, -16.261, 0.000, 0.093, 0.000
6.859, 28.933, -15.947, 0.000, 0.101, 0.000
7.652, 28.950, -15.594, 0.000, 0.110, 0.000
8.427, 28.967, -15.200, 0.000, 0.120, 0.000
9.181, 28.983, -14.769, 0.000, 0.131, 0.000
9.914, 29.000, -14.300, 0.000, 0.143, 0.000
10.622, 29.017, -13.794, 0.000, 0.155, 0.000
11.305, 29.033, -13.254, 0.000, 0.169, 0.000
11.960, 29.050, -12.679, 0.000, 0.183, 0.000
12.586, 29.067, -12.073, 0.000, 0.198, 0.000
13.181, 29.083, -11.435, 0.000, 0.214, 0.000
13.744, 29.100, -10.768, 0.000, 0.231, 0.000
14.273, 29.117, -10.074, 0.000, 0.248, 0.000
14.767, 29.133, -9.353, 0.000, 0.266, 0.000
15.225, 29.150, -8.608, 0.000, 0.285, 0.000
15.645, 29.167, -7.841, 0.000, 0.304, 0.000
16.027, 29.183, -7.053, 0.000, 0.324, 0.000
16.368, 29.200, -6.247, 0.000, 0.344, 0.000
16.670, 29.217, -5.424, 0.000, 0.364, 0.000
16.930, 29.233, -4.587, 0.000, 0.385, 0.000
17.147, 29.250, -3.737, 0.000, 0.407, 0.000
17.323, 29.267, -2.877, 0.000, 0.428, 0.000
17.455, 29.283, -2.009, 0.000, 0.450, 0.000
17.543, 29.300, -1.135, 0.000, 0.472, 0.000
17.588, 29.317, -0.257, 0.000, 0.494, 0.000
17.589, 29.333, 0.623, 0.000, 0.516, 0.000
17.546, 29.350, 1.502, 0.000, 0.538, 0.000
17.459, 29.367, 2.379, 0.000, 0.559, 0.000
17.328, 29.383, 3.250, 0.000, 0.581, 0.000
17.153, 29.400, 4.114, 0.000, 0.603, 0.000
16.936, 29.417, 4.969, 0.000, 0.624, 0.000
16.676, 29.433, 5.813, 0.000, 0.645, 0.000
16.374, 29.450, 6.643, 0.000, 0.666, 0.000
16.030, 29.467, 7.457, 0.000, 0.686, 0.000
15.647, 29.483, 8.254, 0.000, 0.706, 0.000
15.223, 29.500, 9.030, 0.000, 0.726, 0.000
14.761, 29.517, 9.785, 0.000, 0.745, 0.000
14.262, 29.533, 10.517, 0.000, 0.763, 0.000
13.726, 29.550, 11.223, 0.000, 0.781, 0.000
13.155, 29.567, 11.902, 0.000, 0.798, 0.000
12.551, 29.583, 12.551, 0.000, 0.814, 0.000
11.915, 29.600, 13.170, 0.000, 0.829, 0.000
11.248, 29.617, 13.757, 0.000, 0.844, 0.000
10.552, 29.633, 14.310, 0.000, 0.858, 0.000
9.829, 29.650, 14.828, 0.000, 0.871, 0.000
9.081, 29.667, 15.309, 0.000, 0.883, 0.000
8.309, 29.683, 15.753, 0.000, 0.894, 0.000
7.516, 29.700, 16.157, 0.000, 0.904, 0.000
6.703, 29.717, 16.522, 0.000, 0.913, 0.000
5.872, 29.733, 16.846, 0.000, 0.921, 0.000
5.025, 29.750, 17.128, 0.000, 0.928, 0.000
4.165, 29.767, 17.367, 0.000, 0.934, 0.000
3.294, 29.783, 17.564, 0.000, 0.939, 0.000
2.413, 29.800, 17.716, 0.000, 0.943, 0.000
1.526, 29.817, 17.825, 0.000, 0.946, 0.000
0.633, 29.833, 17.889, 0.000, 0.947, 0.000
-0.262, 29.850, 17.908, 0.000, 0.948, 0.000
-1.157, 29.867, 17.883, 0.000, 0.947, 0.000
-2.050, 29.883, 17.812, 0.000, 0.945, 0.000
-2.940, 29.900, 17.697, 0.000, 0.942, 0.000
-3.823, 29.917, 17.538, 0.000, 0.938, 0.000
-4.697, 29.933, 17.335, 0.000, 0.933, 0.000
-5.561, 29.950, 17.088, 0.000, 0.927, 0.000
-6.411, 29.967, 16.798, 0.000, 0.920, 0.000
-7.247, 29.983, 16.466, 0.000, 0.912, 0.000
-8.065, 30.000, 16.092, 0.000, 0.902, 0.000
-8.864, 30.017, 15.677, 0.000, 0.892, 0.000
-9.642, 30.033, 15.223, 0.000, 0.881, 0.000
-10.397, 30.050, 14.730, 0.000, 0.868, 0.000
-11.126, 30.067, 14.200, 0.000, 0.855, 0.000
-11.829, 30.083, 13.634, 0.000, 0.841, 0.000
-12.502, 30.100, 13.033, 0.000, 0.826, 0.000
-13.145, 30.117, 12.399, 0.000, 0.810, 0.000
-13.756, 30.133, 11.733, 0.000, 0.793, 0.000
-14.333, 30.150, 11.037, 0.000, 0.776, 0.000
-14.875, 30.167, 10.312, 0.000, 0.758, 0.000
-15.380, 30.183, 9.561, 0.000, 0.739, 0.000
-15.848, 30.200, 8.785, 0.000, 0.720, 0.000
-16.276, 30.217, 7.987, 0.000, 0.700, 0.000
-16.664, 30.233, 7.167, 0.000, 0.679, 0.000
-17.011, 30.250, 6.329, 0.000, 0.658, 0.000
-17.315, 30.267, 5.474, 0.000, 0.637, 0.000
-17.577, 30.283, 4.604, 0.000, 0.615, 0.000
-17.795, 30.300, 3.722, 0.000, 0.593, 0.000
-17.969, 30.317, 2.829, 0.000, 0.571, 0.000
-18.097, 30.333, 1.929, 0.000, 0.548, 0.000
-18.181, 30.350, 1.023, 0.000, 0.526, 0.000
-18.220, 30.367, 0.113, 0.000, 0.503, 0.000
-18.213, 30.383, -0.798, 0.000, 0.480, 0.000
-18.160, 30.400, -1.709, 0.000, 0.457, 0.000
-18.062, 30.417, -2.616, 0.000, 0.435, 0.000
-17.918, 30.433, -3.517, 0.000, 0.412, 0.000
-17.730, 30.450, -4.410, 0.000, 0.390, 0.000
-17.497, 30.467, -5.294, 0.000, 0.368, 0.000
-17.220, 30.483, -6.165, 0.000, 0.346, 0.000
-16.899, 30.500, -7.022, 0.000, 0.324, 0.000
-16.536, 30.517, -7.862, 0.000, 0.303, 0.000
-16.131, 30.533, -8.683, 0.000, 0.283, 0.000
-15.686, 30.550, -9.484, 0.000, 0.263, 0.000
-15.200, 30.567, -10.262, 0.000, 0.243, 0.000
-14.677, 30.583, -11.015, 0.000, 0.225, 0.000
-14.115, 30.600, -11.741, 0.000, 0.206, 0.000
-13.518, 30.617, -12.438, 0.000, 0.189, 0.000
-12.887, 30.633, -13.106, 0.000, 0.172, 0.000
-12.222, 30.650, -13.741, 0.000, 0.156, 0.000
-11.527, 30.667, -14.342, 0.000, 0.141, 0.000
-10.801, 30.683, -14.908, 0.000, 0.127, 0.000
-10.048, 30.700, -15.438, 0.000, 0.114, 0.000
-9.269, 30.717, -15.930, 0.000, 0.102, 0.000
-8.466, 30.733, -16.382, 0.000, 0.090, 0.000
-7.641, 30.750, -16.794, 0.000, 0.080, 0.000
-6.795, 30.767, -17.164, 0.000, 0.071, 0.000
-5.932, 30.783, -17.491, 0.000, 0.063, 0.000
-5.053, 30.800, -17.776, 0.000, 0.056, 0.000
-4.161, 30.817, -18.016, 0.000, 0.050, 0.000
-3.257, 30.833, -18.211, 0.000, 0.045, 0.000
-2.344, 30.850, -18.361, 0.000, 0.041, 0.000
-1.424, 30.867, -18.465, 0.000, 0.038, 0.000
-0.500, 30.883, -18.523, 0.000, 0.037, 0.000
0.427, 30.900, -18.535, 0.000, 0.037, 0.000
1.353, 30.917, -18.501, 0.000, 0.037, 0.000
2.277, 30.933, -18.420, 0.000, 0.040, 0.000
3.197, 30.950, -18.293, 0.000, 0.043, 0.000
4.109, 30.967, -18.120, 0.000, 0.047, 0.000
5.013, 30.983, -17.901, 0.000, 0.052, 0.000
5.904, 31.000, -17.638, 0.000, 0.059, 0.000
6.782, 31.017, -17.330, 0.000, 0.067, 0.000
7.644, 31.033, -16.979, 0.000, 0.076, 0.000
8.487, 31.050, -16.584, 0.000, 0.085, 0.000
9.311, 31.067, -16.148, 0.000, 0.096, 0.000
10.111, 31.083, -15.671, 0.000, 0.108, 0.000
10.888, 31.100, -15.154, 0.000, 0.121, 0.000
11.638, 31.117, -14.599, 0.000, 0.135, 0.000
12.360, 31.133, -14.006, 0.000, 0.150, 0.000
13.051, 31.150, -13.378, 0.000, 0.166, 0.000
13.711, 31.167, -12.716, 0.000, 0.182, 0.000
14.337, 31.183, -12.021, 0.000, 0.199, 0.000
14.928, 31.200, -11.296, 0.000, 0.218, 0.000
15.482, 31.217, -10.541, 0.000, 0.236, 0.000
15.998, 31.233, -9.760, 0.000, 0.256, 0.000
16.475, 31.250, -8.953, 0.000, 0.276, 0.000
16.910, 31.267, -8.122, 0.000, 0.297, 0.000
17.305, 31.283, -7.271, 0.000, 0.318, 0.000
17.656, 31.300, -6.400, 0.000, 0.340, 0.000
17.963, 31.317, -5.513, 0.000, 0.362, 0.000
18.226, 31.333, -4.611, 0.000, 0.385, 0.000
18.443, 31.350, -3.696, 0.000, 0.408, 0.000
18.615, 31.367, -2.771, 0.000, 0.431, 0.000
18.740, 31.383, -1.838, 0.000, 0.454, 0.000
18.819, 31.400, -0.900, 0.000, 0.478, 0.000
18.850, 31.417, 0.042, 0.000, 0.501, 0.000
18.834, 31.433, 0.984, 0.000, 0.525, 0.000
18.771, 31.450, 1.926, 0.000, 0.548, 0.000
18.662, 31.467, 2.863, 0.000, 0.572, 0.000
18.505, 31.483, 3.794, 0.000, 0.595, 0.000
18.302, 31.500, 4.717, 0.000, 0.618, 0.000
18.053, 31.517, 5.628, 0.000, 0.641, 0.000
17.758, 31.533, 6.527, 0.000, 0.663, 0.000
17.419, 31.550, 7.410, 0.000, 0.685, 0.000
17.036, 31.567, 8.276, 0.000, 0.707, 0.000
16.610, 31.583, 9.122, 0.000, 0.728, 0.000
16.142, 31.600, 9.946, 0.000, 0.749, 0.000
15.633, 31.617, 10.746, 0.000, 0.769, 0.000
15.084, 31.633, 11.520, 0.000, 0.788, 0.000
14.497, 31.650, 12.266, 0.000, 0.807, 0.000
13.873, 31.667, 12.982, 0.000, 0.825, 0.000
13.214, 31.683, 13.666, 0.000, 0.842, 0.000
12.521, 31.700, 14.317, 0.000, 0.858, 0.000
11.796, 31.717, 14.933, 0.000, 0.873, 0.000
11.041, 31.733, 15.512, 0.000, 0.888, 0.000
10.257, 31.750, 16.053, 0.000, 0.901, 0.000
9.447, 31.767, 16.554, 0.000, 0.914, 0.000
8.612, 31.783, 17.015, 0.000, 0.925, 0.000
7.755, 31.800, 17.433, 0.000, 0.936, 0.000
6.878, 31.817, 17.808, 0.000, 0.945, 0.000
5.982, 31.833, 18.139, 0.000, 0.953, 0.000
5.071, 31.850, 18.425, 0.000, 0.961, 0.000
4.146, 31.867, 18.665, 0.000, 0.967, 0.000
3.210, 31.883, 18.859, 0.000, 0.971, 0.000
2.264, 31.900, 19.006, 0.000, 0.975, 0.000
1.312, 31.917, 19.105, 0.000, 0.978, 0.000
0.356, 31.933, 19.157, 0.000, 0.979, 0.000
-0.602, 31.950, 19.161, 0.000, 0.979, 0.000
-1.560, 31.967, 19.116, 0.000, 0.978, 0.000
-2.515, 31.983, 19.025, 0.000, 0.976, 0.000
-3.464, 32.000, 18.885, 0.000, 0.972, 0.000
-4.406, 32.017, 18.698, 0.000, 0.967, 0.000
-5.338, 32.033, 18.464, 0.000, 0.962, 0.000
-6.257, 32.050, 18.183, 0.000, 0.955, 0.000
-7.162, 32.067, 17.857, 0.000, 0.946, 0.000
-8.050, 32.083, 17.486, 0.000, 0.937, 0.000
-8.918, 32.100, 17.071, 0.000, 0.927, 0.000
-9.765, 32.117, 16.612, 0.000, 0.915, 0.000
-10.589, 32.133, 16.112, 0.000, 0.903, 0.000
-11.387, 32.150, 15.571, 0.000, 0.889, 0.000
-12.157, 32.167, 14.990, 0.000, 0.875, 0.000
-12.898, 32.183, 14.371, 0.000, 0.859, 0.000
-13.607, 32.200, 13.715, 0.000, 0.843, 0.000
-14.283, 32.217, 13.025, 0.000, 0.826, 0.000
-14.924, 32.233, 12.301, 0.000, 0.808, 0.000
-15.528, 32.250, 11.546, 0.000, 0.789, 0.000
-16.094, 32.267, 10.761, 0.000, 0.769, 0.000
-16.620, 32.283, 9.948, 0.000, 0.749, 0.000
-17.105, 32.300, 9.110, 0.000, 0.728, 0.000
-17.548, 32.317, 8.248, 0.000, 0.706, 0.000
-17.948, 32.333, 7.364, 0.000, 0.684, 0.000
-18.303, 32.350, 6.461, 0.000, 0.662, 0.000
-18.613, 32.367, 5.541, 0.000, 0.639, 0.000
-18.876, 32.383, 4.607, 0.000, 0.615, 0.000
-19.092, 32.400, 3.659, 0.000, 0.591, 0.000
-19.261, 32.417, 2.702, 0.000, 0.568, 0.000
-19.382, 32.433, 1.737, 0.000, 0.543, 0.000
-19.455, 32.450, 0.766, 0.000, 0.519, 0.000
-19.479, 32.467, -0.207, 0.000, 0.495, 0.000
-19.454, 32.483, -1.181, 0.000, 0.470, 0.000
-19.381, 32.500, -2.153, 0.000, 0.446, 0.000
-19.259, 32.517, -3.120, 0.000, 0.422, 0.000
-19.089, 32.533, -4.081, 0.000, 0.398, 0.000
-18.870, 32.550, -5.033, 0.000, 0.374, 0.000
-18.605, 32.567, -5.973, 0.000, 0.351, 0.000
-18.292, 32.583, -6.898, 0.000, 0.328, 0.000
-17.934, 32.600, -7.808, 0.000, 0.305, 0.000
-17.530, 32.617, -8.699, 0.000, 0.283, 0.000
-17.082, 32.633, -9.569, 0.000, 0.261, 0.000
-16.591, 32.650, -10.416, 0.000, 0.240, 0.000
-16.058, 32.667, -11.238, 0.000, 0.219, 0.000
-15.484, 32.683, -12.033, 0.000, 0.199, 0.000
-14.871, 32.700, -12.798, 0.000, 0.180, 0.000
-14.220, 32.717, -13.532, 0.000, 0.162, 0.000
-13.533, 32.733, -14.234, 0.000, 0.144, 0.000
-12.811, 32.750, -14.900, 0.000, 0.128, 0.000
-12.056, 32.767, -15.529, 0.000, 0.112, 0.000
-11.271, 32.783, -16.121, 0.000, 0.097, 0.000
-10.457, 32.800, -16.672, 0.000, 0.083, 0.000
-9.615, 32.817, -17.183, 0.000, 0.070, 0.000
-8.749, 32.833, -17.651, 0.000, 0.059, 0.000
-7.860, 32.850, -18.075, 0.000, 0.048, 0.000
-6.950, 32.867, -18.455, 0.000, 0.039, 0.000
-6.022, 32.883, -18.789, 0.000, 0.030, 0.000
-5.078, 32.900, -19.076, 0.000, 0.023, 0.000
-4.120, 32.917, -19.315, 0.000, 0.017, 0.000
-3.151, 32.933, -19.507, 0.000, 0.012, 0.000
-2.174, 32.950, -19.650, 0.000, 0.009, 0.000
-1.189, 32.967, -19.744, 0.000, 0.006, 0.000
-0.201, 32.983, -19.789, 0.000, 0.005, 0.000
0.788, 33.000, -19.784, 0.000, 0.005, 0.000
1.777, 33.017, -19.730, 0.000, 0.007, 0.000
2.762, 33.033, -19.627, 0.000, 0.009, 0.000
3.742, 33.050, -19.474, 0.000, 0.013, 0.000
4.713, 33.067, -19.272, 0.000, 0.018, 0.000
5.673, 33.083, -19.022, 0.000, 0.024, 0.000
6.620, 33.100, -18.724, 0.000, 0.032, 0.000
7.551, 33.117, -18.379, 0.000, 0.041, 0.000
8.465, 33.133, -17.988, 0.000, 0.050, 0.000
9.358, 33.150, -17.551, 0.000, 0.061, 0.000
10.228, 33.167, -17.070, 0.000, 0.073, 0.000
11.074, 33.183, -16.546, 0.000, 0.086, 0.000
11.893, 33.200, -15.980, 0.000, 0.101, 0.000
12.684, 33.217, -15.373, 0.000, 0.116, 0.000
13.443, 33.233, -14.727, 0.000, 0.132, 0.000
14.169, 33.250, -14.044, 0.000, 0.149, 0.000
14.861, 33.267, -13.325, 0.000, 0.167, 0.000
15.516, 33.283, -12.572, 0.000, 0.186, 0.000
16.133, 33.300, -11.787, 0.000, 0.205, 0.000
16.710, 33.317, -10.971, 0.000, 0.226, 0.000
17.246, 33.333, -10.127, 0.000, 0.247, 0.000
17.740, 33.350, -9.257, 0.000, 0.269, 0.000
